"species","x","y","bio10_16","bio12_16","bio15_16","moose2015","red_deer2015","roe_deer2015","Forest_Type","Forest_Productivity"
"species",1,1,136.788920794029,1610.11224504811,32.8004529521216,5.036318203,23.6999329,19.29514959,"32","18"
"species",2,2,139,1719.43222058363,33,5.537295974,16.85143025,7.6054687,"31","18"
"species",3,3,137.400234836307,1611.87030625367,33,5.036318203,23.6999329,19.29514959,"31","18"
"species",4,4,134,1812,33,5.537295974,16.85143025,7.6054687,"31","18"
"species",5,5,134.849447267178,1663.41821649455,32.4770597272457,5.036318203,23.6999329,19.29514959,"31","18"
"species",6,6,123.894430229695,1757.0113594111,29.5303407868996,23.91464734,22.28369529,15.85436311,"32","11"
"species",7,7,157.999078668788,742.121565546621,26.3936319140321,27.68398353,1.196552337,71.68308878,"31","18"
"species",8,8,129.479835761287,2233.32262781941,32,0,131.9382512,0,"32","18"
"species",9,9,135.293642011637,1712.05044363845,31.1418924625217,23.91464734,22.28369529,15.85436311,"31","13"
"species",10,10,138.479838197385,1665.59173937811,31,23.91464734,22.28369529,15.85436311,"32","18"
"species",11,11,155.254212887123,789.179454391964,26,98.01839732,0,77.66208651,"31","18"
"species",12,12,128.781550328694,1789.97637392082,31.9096121101348,5.036318203,23.6999329,19.29514959,"31","18"
"species",13,13,127.791986789799,1944.54084390353,32.2326655658166,0,141.1877689,16.43710807,"32","18"
"species",14,14,133.45004957797,1711.87851207775,31.8496679270383,0.330487631,6.963554461,4.487952357,"31","11"
"species",15,15,126.024818868817,1456.35327881151,28.5124094344087,26.99099079,2.804594974,21.69056293,"31","18"
"species",16,16,152.062626095575,803.858546708316,26,98.01839732,0,77.66208651,"31","12"
"species",17,17,126.261005085058,1877.7573990811,31.9982995519795,0.330487631,6.963554461,4.487952357,"32","18"
"species",18,18,135.679289128463,1721.7938537544,30.6155897197693,23.91464734,22.28369529,15.85436311,"31","11"
"species",19,19,135.831511803652,1680.13777831868,32.4634745204545,5.036318203,23.6999329,19.29514959,"32","18"
"species",20,20,134.068238361895,1867.47660228039,32.2954626231279,0,141.1877689,16.43710807,"31","18"
"species",21,21,138.305235130517,1544.71163587632,31.0081628292658,35.04557233,34.11215635,42.60301672,"32","18"
"species",22,22,128.169204940491,1807.51634441814,32,5.036318203,23.6999329,19.29514959,"31","18"
"species",23,23,129.084807214482,1803.799505731,30.5485975054022,7.143408773,2.660643649,3.604791242,"31","18"
"species",24,24,120.762046763562,1904.13883868964,31,5.036318203,23.6999329,19.29514959,"31","11"
"species",25,25,148.125574219166,748.731869170381,28,42.3937797,3.046792248,27.21135526,"31","13"
"species",26,26,137.478716764985,782.579299518601,28,42.3937797,3.046792248,27.21135526,"31","18"
"species",27,27,143.680924323859,764.64773384819,27.7852454004542,42.3937797,3.046792248,27.21135526,"31","18"
"species",28,28,144.727635832489,768.126295339875,27,27.53508285,8.568839358,31.79996258,"31","18"
"species",29,29,114.94370180632,2142.7111182263,24.48592545158,50.21721228,0,22.87077312,"32","11"
"species",30,30,111.603873015969,1442.9022498789,31.7741278018632,0,93.24327582,9.545271324,"32","18"
"species",31,31,131.052719376858,2242.56011580608,31.3509064589526,0,294.5806414,0,"31","18"
"species",32,32,98.7707674606322,1679.45426265153,30.728450009955,0,72.19790701,0,"32","11"
"species",33,33,129.07087796506,1967.4957299226,33.6427516785138,5.537295974,16.85143025,7.6054687,"32","11"
"species",34,34,154.987010286598,727.675159085181,27.3939683425043,58.39228437,13.61861029,41.98948722,"31","18"
"species",35,35,154.868233153698,792.876284915068,26,98.01839732,0,77.66208651,"31","12"
"species",36,36,159.964448523251,729.190683519323,26.6552292764628,27.68398353,1.196552337,71.68308878,"31","18"
"species",37,37,151.452497108747,801.044430213356,25.7700261740232,67.31210855,0,41.20556595,"31","12"
"species",38,38,149.241041287095,818.4957198996,27.1152161880772,29.46682025,13.13958428,33.29227205,"31","13"
"species",39,39,151.52999071867,786.957956439034,26,69.53884645,0,31.96862846,"31","18"
"species",40,40,108.435236124077,1027.48152018384,30.4142280544419,0.329780715,36.92443621,3.634352974,"32","18"
"species",41,41,147.737362942717,826.856696471498,27,29.46682025,13.13958428,33.29227205,"31","13"
"species",42,42,158.810383101516,746.451812879236,27.6716469968959,50.54217048,0,48.52011888,"31","11"
"species",43,43,160.133990384423,753.341170631875,26.7522860716185,32.74919234,0,95.35268329,"31","11"
"species",44,44,160.613230142041,729.631632951184,29,14.4730961,0,24.17657341,"31","18"
"species",45,45,129.410868618374,1716.98759080746,30.4456162496871,23.99257252,6.972053779,11.75421414,"31","18"
"species",46,46,143.91608240047,1369.71678806025,31.4484073093727,15.51480672,5.791799129,91.71451497,"32","18"
"species",47,47,146.936648391,952.474584829508,27.7077263932066,23.89748014,23.86313203,45.86903182,"33","13"
"species",48,48,160,742.92093432849,27.3008129369692,8.569329011,0,32.45822137,"31","12"
"species",49,49,138.447909052492,915.583103842302,26.7314571072553,19.1553829,9.796781944,25.34703532,"31","18"
"species",50,50,151.39685573025,772.801056756281,28,25.95802664,0,9.768812952,"31","18"
"species",51,51,134.124632494665,1798.17535896327,32.5422152001753,0.330487631,6.963554461,4.487952357,"32","11"
"species",52,52,154.098624617715,720.995763772472,28.9774231292553,47.98495095,9.125587817,25.0920897,"31","18"
"species",53,53,138.937129940062,1674.01168011729,31.1994943745281,23.91464734,22.28369529,15.85436311,"31","18"
"species",54,54,146.375690140302,971.957758289929,27.5121569844137,23.89748014,23.86313203,45.86903182,"31","13"
"species",55,55,145.883166618316,774.899797866045,27.0998809009399,8.23719688,0,49.22957768,"31","11"
"species",56,56,159.550055196546,731.013221455928,26.6241736590045,27.68398353,1.196552337,71.68308878,"31","18"
"species",57,57,126.307297795836,2300.24710387514,34,0,192.7427122,0,"31","18"
"species",58,58,132.051976960728,1359.74525166686,29,36.34237141,3.296045727,10.23633018,"31","12"
"species",59,59,137.789113215158,1360.35433567152,30,12.67211611,7.239875415,36.9497844,"33","18"
"species",60,60,160.000402108614,747.499424433142,27,32.74919234,0,95.35268329,"31","11"
"species",61,61,149.714694763175,1021.02253851821,28,22.01528898,3.277682184,66.32319669,"31","12"
"species",62,62,121.56663711943,1817.04257424143,29.973469911243,19.6745604,7.970726853,11.62623773,"32","18"
"species",63,63,135,2259,35,0,70.63825139,0,"32","18"
"species",64,64,129.944407092705,1760.56490120866,31.972866110909,5.036318203,23.6999329,19.29514959,"31","12"
"species",65,65,117.449128381488,2109.50871618512,34,0,129.495415,0,"32","18"
"species",66,66,130.14317834609,1590.18919509838,30,35.04557233,34.11215635,42.60301672,"32","11"
"species",67,67,126.77336653138,1616.60566666718,30.1198281683594,32.1551517,12.60185313,10.94655331,"32","18"
"species",68,68,147.707780086699,1176.52733057082,29,16.98044566,13.48311573,35.07788029,"33","18"
"species",69,69,131.027635443321,1866.69601012347,32,0.330487631,6.963554461,4.487952357,"31","18"
"species",70,70,130.299043952435,1733.75418400776,30.5591292157023,23.91464734,22.28369529,15.85436311,"32","18"
"species",71,71,139.539577245852,1491.32412166962,33.6629970605389,0.410393228,13.27943505,0,"31","18"
"species",72,72,153,879.27507975469,28,23.89748014,23.86313203,45.86903182,"31","12"
"species",73,73,129.322531429787,1797.34825752959,31.9581842717493,5.036318203,23.6999329,19.29514959,"31","18"
"species",74,74,130.763477180272,1756.23964400662,31.9070652980385,0.330487631,6.963554461,4.487952357,"31","18"
"species",75,75,159.698909434552,750.794695173742,27,8.569329011,0,32.45822137,"31","11"
"species",76,76,160.502971698693,741.497028301307,26,38.26220221,0,83.33274881,"31","12"
"species",77,77,122.572738402978,1984.59914352575,31.118124798641,0,141.1877689,16.43710807,"32","18"
"species",78,78,134.99658376742,1903.88286479419,32.8524214631247,0,141.1877689,16.43710807,"31","18"
"species",79,79,144.714839349606,767.486860766872,27,27.53508285,8.568839358,31.79996258,"31","18"
"species",80,80,124.931272948141,1823.9357819633,31.2026671303304,0.330487631,6.963554461,4.487952357,"32","11"
"species",81,81,124.836496800317,2268.43159062254,31,0,294.5806414,0,"31","18"
"species",82,82,130,1936.43685730497,32,0,141.1877689,16.43710807,"31","18"
"species",83,83,157.806691786991,754.072102284336,27,50.54217048,0,48.52011888,"31","18"
"species",84,84,143.499859223357,750.952343813375,28.7374084073229,45.5486725,2.225169257,8.847710058,"31","13"
"species",85,85,134.598818876063,1633.5484474676,32.1390909084189,5.036318203,23.6999329,19.29514959,"31","13"
"species",86,86,154.290197175362,793.97388433085,27.3157954115767,29.46682025,13.13958428,33.29227205,"31","18"
"species",87,87,123.163066664728,1834.04600451824,30.8289844464778,0.330487631,6.963554461,4.487952357,"32","18"
"species",88,88,147.555540335892,1239.45957660857,29.6503464281768,19.11748049,24.86211893,48.47216146,"31","18"
"species",89,89,134.708618926053,1731.95347825709,32,0,74.45148568,17.7305762,"31","18"
"species",90,90,133.139084681929,2081.67027433866,31.9946934143988,0,105.3622251,0,"32","18"
"species",91,91,137.358507583367,1417.48101562559,30.6382432589718,34.46662462,11.40561204,30.23207331,"31","18"
"species",92,92,150.660450275404,935.654769012413,27.8353180278679,22.01528898,3.277682184,66.32319669,"31","13"
"species",93,93,159.42939211349,746.439865590664,27,8.569329011,0,32.45822137,"31","18"
"species",94,94,142.354373461429,1418.59420325508,31.3869131363964,27.84719022,20.86410079,46.05530616,"31","18"
"species",95,95,148.703286455397,833.518422128667,27.1916026125275,29.46682025,13.13958428,33.29227205,"31","12"
"species",96,96,136.813942659251,2136.50856348822,32,0,105.3622251,0,"31","12"
"species",97,97,150.903835383213,893.111505123144,27.6346117944044,23.89748014,23.86313203,45.86903182,"33","11"
"species",98,98,135.916463076633,1674.63100120505,31,23.91464734,22.28369529,15.85436311,"32","13"
"species",99,99,135.024051133667,1931.18332674005,33,0.28148691,27.71730315,2.140618419,"32","11"
"species",100,100,146.7349472793,1076.16670386463,28,31.32926682,9.294859902,16.81234848,"31","13"
"species",101,101,150.155881207166,1140.11170529743,29,16.98044566,13.48311573,35.07788029,"31","11"
"species",102,102,97.4960387393098,2273.21050613106,32.0677028346516,0,45.54624431,0,"32","18"
"species",103,103,123.61155243707,1790.1206145948,30,23.91464734,22.28369529,15.85436311,"31","18"
"species",104,104,140.138724857762,1352.22931830982,30.0108475573952,29.89428818,10.39828208,40.65660905,"31","13"
"species",105,105,146,1256.96628783239,32,12.67211611,7.239875415,36.9497844,"32","18"
"species",106,106,151.947969296635,783.938666077337,27,31.62871311,23.37839451,54.23981139,"31","18"
"species",107,107,118.501349100296,1973.11239758015,31.0739738038029,0.330487631,6.963554461,4.487952357,"31","11"
"species",108,108,137.763505597881,1971.2522456303,32.0640875103693,0,60.24209686,4.035398425,"32","18"
"species",109,109,140.658325326906,1526.31977191977,31,35.04557233,34.11215635,42.60301672,"32","18"
"species",110,110,117.927144282802,1973.45505245356,33.6537584534882,0,91.82168678,0,"32","11"
"species",111,111,129.634878506839,1922.1976244475,31.8968101998195,0,141.1877689,16.43710807,"32","18"
"species",112,112,130.717351890226,1817.98601571208,32,0,141.1877689,16.43710807,"31","18"
"species",113,113,138.045494370999,1584.37037417435,30.9917996693193,9.131248903,4.39339473,16.9773615,"32","11"
"species",114,114,137.002933160629,1612.30017922535,30.9622263776465,9.131248903,4.39339473,16.9773615,"32","11"
"species",115,115,137.110921207186,1696.69757801976,32.7041119387398,0,76.23707275,51.30239349,"32","18"
"species",116,116,142.570819852936,1548.97042424984,31,10.45283536,37.46040469,45.77663377,"32","13"
"species",117,117,141.178827020249,1534.34820182323,31.0596090067498,10.45283536,37.46040469,45.77663377,"32","18"
"species",118,118,150,981,28,22.01528898,3.277682184,66.32319669,"31","18"
"species",119,119,151.9980329257,917.191942085027,28,22.01528898,3.277682184,66.32319669,"31","18"
"species",120,120,149.046825771985,1026.14892935656,28,22.01528898,3.277682184,66.32319669,"31","18"
"species",121,121,131.989569538342,1771.06331722089,30.666175069124,23.91464734,22.28369529,15.85436311,"31","18"
"species",122,122,128.986158448563,1458.60164387097,29,29.89428818,10.39828208,40.65660905,"31","12"
"species",123,123,137.668789485548,1543.15127622977,31,35.04557233,34.11215635,42.60301672,"32","18"
"species",124,124,131.542178825669,1674.25582920413,30.1534219079926,10.45283536,37.46040469,45.77663377,"32","13"
"species",125,125,133.056143821713,1751.75712624011,30.7389692757883,23.91464734,22.28369529,15.85436311,"31","11"
"species",126,126,139.839143629729,1333.94407436441,30.1675868277972,26.99099079,2.804594974,21.69056293,"31","18"
"species",127,127,141.353841388869,1323.509660816,30.3250384261085,26.99099079,2.804594974,21.69056293,"31","18"
"species",128,128,131.510365908796,1795.87099444246,31,23.91464734,22.28369529,15.85436311,"31","18"
"species",129,129,134.90305566088,1388.26405807003,30,29.89428818,10.39828208,40.65660905,"31","13"
"species",130,130,146.388065940755,1262.53188738207,30,27.35781214,12.85547962,18.11957477,"31","18"
"species",131,131,140.203327880993,1335.52460904381,29.4852250904868,27.35781214,12.85547962,18.11957477,"31","18"
"species",132,132,142.059224733249,1248.55620198587,28.428066417339,27.35781214,12.85547962,18.11957477,"31","18"
"species",133,133,137.224832795778,1310.1919076686,28.8062081989445,27.35781214,12.85547962,18.11957477,"31","18"
"species",134,134,139.069028948452,1646.53718437901,31.5319129897497,23.91464734,22.28369529,15.85436311,"32","11"
"species",135,135,140.576066162751,1644.02338003202,31.6970082703439,23.91464734,22.28369529,15.85436311,"31","11"
"species",136,136,135.987814438972,1682.34641702279,31.0978431210484,23.91464734,22.28369529,15.85436311,"31","13"
"species",137,137,134.370898062134,1512.35468387647,30.5221003315719,40.57904905,16.37098624,19.73470591,"31","18"
"species",138,138,143.476556406497,1302.17611695121,30.5151109014192,12.67211611,7.239875415,36.9497844,"31","13"
"species",139,139,130.91529002785,1442.86214993664,29.2739234659313,29.89428818,10.39828208,40.65660905,"31","18"
"species",140,140,144.756604076532,980.5145124376,27.3365340871907,23.89748014,23.86313203,45.86903182,"31","13"
"species",141,141,139.971583531676,1627.30457582907,31.2545437943658,10.45283536,37.46040469,45.77663377,"32","18"
"species",142,142,160.327198947857,747.020564315865,27.0039711897456,50.54217048,0,48.52011888,"31","18"
"species",143,143,148.357166798916,1220.873531721,29.9073913479036,19.11748049,24.86211893,48.47216146,"31","11"
"species",144,144,136.221996482665,1649.25028414712,32.0146215561131,1.12732788,23.00527371,28.13261462,"32","18"
"species",145,145,137.571470059195,1565.56226231417,32.8571566863984,1.12732788,23.00527371,28.13261462,"31","18"
"species",146,146,149.325647281601,838.072971328013,27,29.46682025,13.13958428,33.29227205,"31","12"
"species",147,147,147.552097873334,1237.63712896285,30,19.11748049,24.86211893,48.47216146,"31","18"
"species",148,148,132.342885978141,2185.56103236489,33,0,131.9382512,0,"31","18"
"species",149,149,140.691685523013,813.417276544446,31.0124668645427,34.25057033,13.40190923,2.936689407,"31","18"
"species",150,150,148.962540917341,766.380001732585,28,14.4730961,0,24.17657341,"31","18"
"species",151,151,150.558251785989,812.256644642812,25.4844693834686,59.47566632,0,35.29766864,"31","12"
"species",152,152,161.128998706587,742.043598450931,26.9162847245815,32.74919234,0,95.35268329,"31","11"
"species",153,153,160.333962197554,738.429609120415,26.3339621975542,8.569329011,0,32.45822137,"31","11"
"species",154,154,160.748072569145,737.957126409396,26,32.74919234,0,95.35268329,"31","11"
"species",155,155,158.904693632925,756.714681585409,26,32.74919234,0,95.35268329,"31","13"
"species",156,156,160.332288960484,742.020614963047,26,32.74919234,0,95.35268329,"31","11"
"species",157,157,159.918834021638,740.815320341622,26,32.74919234,0,95.35268329,"31","11"
"species",158,158,159.95940633838,742.081187323239,26,32.74919234,0,95.35268329,"31","11"
"species",159,159,159.724009751421,742.551980497158,26,32.74919234,0,95.35268329,"31","11"
"species",160,160,159.476111146055,745.443954706714,25.9606889727825,32.74919234,0,95.35268329,"31","11"
"species",161,161,154.370691765801,806.653051669838,26.1098090264625,59.47566632,0,35.29766864,"31","18"
"species",162,162,135.238341874854,1634.56764384457,31,9.131248903,4.39339473,16.9773615,"32","18"
"species",163,163,150.18849753649,802.127007302931,25.6812828390148,67.31210855,0,41.20556595,"31","18"
"species",164,164,130.148056556052,1676.18695949775,30.2391263097235,5.562548082,8.859660023,23.16657394,"32","18"
"species",165,165,137.721811535314,1716.10163169768,30.9634752722798,23.91464734,22.28369529,15.85436311,"31","18"
"species",166,166,135.007825040989,1718.02673575116,30.9786442635405,23.91464734,22.28369529,15.85436311,"31","18"
"species",167,167,141.321366690688,1177.81412825797,28,16.98044566,13.48311573,35.07788029,"33","18"
"species",168,168,126.149812739942,2193.96878894733,33,0,88.5743588,0,"31","11"
"species",169,169,126.464553609804,2189.38785926589,33.3095869065115,0,88.5743588,0,"31","18"
"species",170,170,120.850143932862,2260.58058388825,32,0,105.3622251,0,"32","11"
"species",171,171,139.700926509959,1931.58888188049,32,0,105.3622251,0,"31","13"
"species",172,172,153.300423721128,760.699576278872,27,31.62871311,23.37839451,54.23981139,"31","13"
"species",173,173,140.607618923823,846.570435220683,31.4748636196372,23.84674571,8.804251692,2.249154622,"33","11"
"species",174,174,150.556486099064,762.035172179739,26.2999542032516,44.59782894,19.34093499,11.58562987,"33","13"
"species",175,175,158.135140132747,732.716542896459,25.0465858925156,29.5017962,11.23117536,77.28137495,"31","18"
"species",176,176,148.433518745368,824.795826985597,28.6748505045953,27.00672829,9.836987784,5.031787593,"31","13"
"species",177,177,134.285518067997,777.085559549525,27.9421137535172,47.98495095,9.125587817,25.0920897,"31","11"
"species",178,178,137.088205130543,770.939679877197,28.1884225190141,52.77933483,11.57085103,22.39424401,"31","18"
"species",179,179,149.92867298223,1081.99200045209,28,16.98044566,13.48311573,35.07788029,"33","12"
"species",180,180,147.892368378218,1226.9159431009,30,19.11748049,24.86211893,48.47216146,"31","11"
"species",181,181,139.404068876893,1531.74710460039,31,35.04557233,34.11215635,42.60301672,"32","13"
"species",182,182,145.634392721792,808.37537617598,26.0235597764951,25.95802664,0,9.768812952,"31","12"
"species",183,183,150.971731162799,894.946355321452,28,23.89748014,23.86313203,45.86903182,"31","18"
"species",184,184,147.870034889205,904.855702448976,27.0174375509227,23.89748014,23.86313203,45.86903182,"31","13"
"species",185,185,141.958565612115,972.346227480747,27,23.89748014,23.86313203,45.86903182,"33","18"
"species",186,186,151.830963206187,857.657736672137,27.2762894453562,8.986825974,5.328123385,43.19049243,"31","13"
"species",187,187,146.246805807892,966.765970960541,27.4226552772986,23.89748014,23.86313203,45.86903182,"31","18"
"species",188,188,132.993773271805,1695.29117732719,31,23.99257252,6.972053779,11.75421414,"31","18"
"species",189,189,144,1328,31,7.12309983,6.128613304,38.92765714,"31","12"
"species",190,190,143.920224545965,1355.0905130153,31.1825635389955,15.51480672,5.791799129,91.71451497,"31","18"
"species",191,191,141.326592637015,1396.42561711832,31,15.51480672,5.791799129,91.71451497,"31","18"
"species",192,192,140.351638917354,1490.49862395608,31,27.84719022,20.86410079,46.05530616,"32","18"
"species",193,193,139.634446206677,1517.64515859219,31.1293669977095,35.04557233,34.11215635,42.60301672,"32","18"
"species",194,194,140.749450490981,1518.97515999932,31,35.04557233,34.11215635,42.60301672,"32","18"
"species",195,195,132.044531235153,1732.46562517816,31,23.91464734,22.28369529,15.85436311,"32","11"
