"species","x","y","bio10_16","bio12_16","bio15_16","moose2015","red_deer2015","roe_deer2015","Forest_Type","Forest_Productivity"
"species",1,1,125.125049927779,950.047391882209,24.7254849412374,69.71456647,0.804518661,14.96290289,"31","18"
"species",2,2,150.325690671737,818.732716948762,25.1628453358685,59.47566632,0,35.29766864,"31","18"
"species",3,3,152.191648041273,728.35541722533,28.4062785081567,47.98495095,9.125587817,25.0920897,"31","18"
"species",4,4,150.77726355638,802.087180304615,26,67.31210855,0,41.20556595,"31","13"
"species",5,5,144.834339634936,879.58283228197,27.3063459722345,19.1553829,9.796781944,25.34703532,"33","12"
"species",6,6,153.035610133988,759.975445955761,28,36.73246483,7.237559382,26.88021893,"31","18"
"species",7,7,145.634392721792,808.37537617598,26.0235597764951,25.95802664,0,9.768812952,"31","12"
"species",8,8,142.365400436941,733.754746377817,30.7093505116847,43.09401964,3.291684299,11.34326558,"31","13"
"species",9,9,147.757879977983,775.555109796082,27.0338393082068,36.73246483,7.237559382,26.88021893,"31","18"
"species",10,10,143.221513756438,793.39537018432,29.1197624649882,30.18818188,28.25801849,15.04767058,"31","12"
"species",11,11,143.06394131565,726.755906559107,31,44.86145394,1.250604749,30.91417916,"31","18"
"species",12,12,149.441111590161,807.876480332814,28,27.00672829,9.836987784,5.031787593,"31","18"
"species",13,13,152.005636361705,752.540804207786,27.8939008015311,36.73246483,7.237559382,26.88021893,"31","18"
"species",14,14,121.710017016093,645.540692919884,37.6145775455906,44.38970266,3.205442272,3.681773963,"31","18"
"species",15,15,135.288194977424,824.486544262012,30.6755645971427,34.25057033,13.40190923,2.936689407,"31","18"
"species",16,16,120.996124400363,1185.70842726308,28,6.170248522,215.1429872,21.43908441,"31","18"
"species",17,17,151.845033397173,805.973045381957,26,98.01839732,0,77.66208651,"31","13"
"species",18,18,150.907763352904,813.984823861965,25.638450473974,98.01839732,0,77.66208651,"31","12"
"species",19,19,137.7618326073,772.439460474188,28.0121206091384,12.25076914,0,9.991459665,"31","18"
"species",20,20,140.387404342469,793.685637923339,26.8949554626021,36.73246483,7.237559382,26.88021893,"31","18"
"species",21,21,142.363109972114,728.556364887719,31.3925056098518,40.50443511,6.059374237,17.46115839,"31","18"
"species",22,22,151.350787364938,760.126069727616,27.5449918003459,36.73246483,7.237559382,26.88021893,"32","18"
"species",23,23,151.600861383549,808.95773876544,26,98.01839732,0,77.66208651,"31","13"
"species",24,24,145.081405687809,892.193210156299,27.3375745065395,8.986825974,5.328123385,43.19049243,"31","13"
"species",25,25,124.466258343164,846.622282845876,28.1633250655198,17.16661537,6.598909338,2.863393877,"31","12"
"species",26,26,124.978722871139,1030.45486943856,22.9483537158051,126.177623,2.760852173,65.58726406,"31","13"
"species",27,27,147.595008094978,743.84797442194,27.8573786477049,47.98495095,9.125587817,25.0920897,"31","12"
"species",28,28,114.535651605621,1017.23903546193,27.9727200156264,23.84674571,8.804251692,2.249154622,"31","13"
"species",29,29,134.395070061368,644.412023323117,37,35.4788309,2.294324006,1.297314748,"31","18"
"species",30,30,134.800229824612,747.333239561503,30.0657465810971,63.27551572,2.493425199,5.000280052,"31","13"
"species",31,31,144.987107128533,805.317756908867,31.666340335407,34.25057033,13.40190923,2.936689407,"31","18"
"species",32,32,138.503053744431,1744.72600634685,33.6822664648312,1.230742456,54.82371669,0,"32","18"
"species",33,33,144.660117285807,830.919684140673,28,27.00672829,9.836987784,5.031787593,"31","13"
"species",34,34,146.974592538187,748.088094322491,28.0771270323288,47.98495095,9.125587817,25.0920897,"31","12"
"species",35,35,134.015059284893,608.17113748108,39,47.04794055,7.578866015,6.142455744,"31","18"
"species",36,36,121.374906801014,766.38848988164,30.1419131047767,36.46809388,3.943634702,0,"31","18"
"species",37,37,110.514802398423,817.815448878909,28.0929686306043,36.46809388,3.943634702,0,"31","11"
"species",38,38,136.15424195162,603.262562340117,39.2066365616771,47.04794055,7.578866015,6.142455744,"31","18"
"species",39,39,131.06196637406,649.247337633637,35.3361577651774,42.42947395,12.44942108,0,"31","18"
"species",40,40,142.006844349334,763.684685315259,27.9291657987881,45.5486725,2.225169257,8.847710058,"31","18"
"species",41,41,150.198204120287,822.055144257876,25,59.47566632,0,35.29766864,"31","18"
"species",42,42,154.234813539186,791.993024395614,26,97.88517845,0,55.73232844,"31","18"
"species",43,43,122.858625739719,759.592341856002,30.2143299895622,16.02850254,5.105519101,1.518623386,"31","12"
"species",44,44,149.804672701478,760.492112510987,27.7484104802517,36.73246483,7.237559382,26.88021893,"31","18"
"species",45,45,134.560798645053,804.881567546793,30.2523771385455,17.16661537,6.598909338,2.863393877,"31","11"
"species",46,46,144.117978732583,853.076087257971,27.468930119621,27.00672829,9.836987784,5.031787593,"31","13"
"species",47,47,128.548786366577,821.336999222714,29.4398129478154,17.16661537,6.598909338,2.863393877,"31","11"
"species",48,48,140.607618923823,846.570435220683,31.4748636196372,23.84674571,8.804251692,2.249154622,"33","11"
"species",49,49,131.52877750477,786.410506960675,30.2897062182489,25.08547726,5.882198662,0,"31","12"
"species",50,50,124.486205676962,620.139388215969,38.6460001043838,37.06402126,6.487973454,3.397277381,"31","18"
"species",51,51,147.533011888664,804.356145213589,25.1300781838199,69.53884645,0,31.96862846,"31","13"
"species",52,52,145.904075768807,735.286767597531,29.2403885708321,73.05653124,2.040297069,9.329515213,"31","18"
"species",53,53,146.925825516749,719.805100816401,30.1542994239593,63.27551572,2.493425199,5.000280052,"31","18"
"species",54,54,119.095580943806,719.797860426787,34.0103340402794,35.4788309,2.294324006,1.297314748,"31","12"
"species",55,55,135.816894160179,755.108193470888,29.8369330085339,48.05322131,6.004509926,5.240878011,"31","12"
"species",56,56,151.390245061382,797.27406982643,25.543855976989,69.53884645,0,31.96862846,"31","13"
"species",57,57,150.53678593868,801.38964218396,25.5367859386802,67.31210855,0,41.20556595,"31","18"
"species",58,58,148.199511770069,716.278053159905,30.5300097518035,48.05322131,6.004509926,5.240878011,"31","12"
"species",59,59,143.35566424118,747.401395094676,28.357631057568,51.74144646,1.630122359,10.57013525,"31","18"
"species",60,60,151.303404482947,801.868578437862,25.4567444812119,49.39634193,0,27.3928874,"31","18"
"species",61,61,138.636909381035,729.072835407421,31,36.46809388,3.943634702,0,"31","13"
"species",62,62,138.044117954164,713.692327345922,31.7366856437581,36.46809388,3.943634702,0,"31","18"
"species",63,63,150.907746676421,817.907746676421,25.9077466764209,59.47566632,0,35.29766864,"31","11"
"species",64,64,139.046571611738,683.942772650246,32.5473444921819,56.67605608,0.693237914,8.419702182,"31","18"
"species",65,65,155,786.041628621836,26,123.6422072,0,61.33776135,"31","18"
"species",66,66,150.600185918193,807.935817073551,25.3637391440049,69.53884645,0,31.96862846,"31","13"
"species",67,67,115.424529834349,657.590564664807,36.5042546160602,44.38970266,3.205442272,3.681773963,"31","13"
"species",68,68,135.990836407646,667.297710124662,36.0300757257544,57.6378679,5.623193259,2.560358706,"31","18"
"species",69,69,145.593525524983,686.771017721822,33.6097061532698,81.09481554,4.229111868,5.284178289,"31","18"
"species",70,70,147.204364397366,819.460656412946,25,49.39634193,0,27.3928874,"31","18"
"species",71,71,149.242980997537,807.630696477188,25.3275133434614,71.33638992,0,32.84966157,"31","12"
"species",72,72,158.299079686509,744.837622122959,27.4281905645207,50.54217048,0,48.52011888,"31","11"
"species",73,73,150.751074295983,793.48036341147,26.7120627169429,25.95802664,0,9.768812952,"31","13"
"species",74,74,146.297196682722,716.175043164036,29.7363829894922,47.54749112,7.159377437,31.17824254,"31","18"
"species",75,75,138.559067804585,757.999526163566,28.0894052664135,51.74144646,1.630122359,10.57013525,"31","18"
"species",76,76,143.30504184228,716.558535664023,30,51.74144646,1.630122359,10.57013525,"31","18"
"species",77,77,137.594856107905,608.308256568014,38.9344553585592,51.96652046,1.620688141,4.13989386,"31","18"
"species",78,78,147.261368587407,578.77199765072,39.4086815133202,73.34505261,0.606095319,10.79659412,"31","13"
"species",79,79,133.741941077325,667.334990715972,34.6966138326305,56.67605608,0.693237914,8.419702182,"31","18"
"species",80,80,129.298355241078,924.068060243583,30.6089586495433,23.84674571,8.804251692,2.249154622,"31","18"
"species",81,81,135.224355459302,862.666491670723,27.476838725381,27.00672829,9.836987784,5.031787593,"31","12"
"species",82,82,136.40583814765,807.669151346372,25.3088774014032,45.48785783,33.89613967,19.91579349,"31","13"
"species",83,83,134.285518067997,777.085559549525,27.9421137535172,47.98495095,9.125587817,25.0920897,"31","11"
"species",84,84,152.100107843066,813.283223515575,26,59.47566632,0,35.29766864,"31","13"
"species",85,85,137.238491981245,751.933421316525,30.2070003567176,45.75073179,7.549714848,3.55799475,"31","12"
"species",86,86,125.573390529888,864.618509392519,29.1519423056356,34.25057033,13.40190923,2.936689407,"31","11"
"species",87,87,127.905972862053,782.734034186786,29.0808053991579,45.75073179,7.549714848,3.55799475,"31","12"
"species",88,88,144.124320584874,755.764531323845,27.7372710224744,45.5486725,2.225169257,8.847710058,"31","18"
"species",89,89,153.347819614659,798.184167772998,26,82.84455655,0,106.3904331,"31","18"
"species",90,90,150.228710837868,799.263143401343,25.4474657807368,67.31210855,0,41.20556595,"31","13"
"species",91,91,146.657551009511,663.886138569128,33,61.71447547,2.220604501,25.05913131,"31","18"
"species",92,92,153.437347191895,703.995563383097,31.5516124028278,43.09401964,3.291684299,11.34326558,"31","18"
"species",93,93,146.535042726894,719.413854359493,29.6640889789515,47.54749112,7.159377437,31.17824254,"31","18"
"species",94,94,131.346062520534,591.439913577434,41,48.81981365,2.860633235,1.919436692,"31","18"
"species",95,95,150.304786606204,795.421697801342,26.0933485166193,25.95802664,0,9.768812952,"31","12"
"species",96,96,144.141410362751,712.542293988625,32.5831636902314,43.09401964,3.291684299,11.34326558,"31","18"
"species",97,97,134.604752709891,751.231824285449,30,48.05322131,6.004509926,5.240878011,"31","18"
"species",98,98,145.146576332727,822.69260564646,25.0603471836566,69.53884645,0,31.96862846,"31","12"
"species",99,99,147.087798154765,691.128036378573,32.8546906693412,42.48931168,5.157733352,4.921958628,"31","18"
"species",100,100,151.165515083474,800.166042165019,25.615959771995,123.6422072,0,61.33776135,"31","18"
"species",101,101,139.92324237099,599.487420565641,38.3653439040697,73.34505261,0.606095319,10.79659412,"31","18"
"species",102,102,115.513161506312,887.775544153889,23,79.89208961,1.335197374,31.0221955,"31","13"
"species",103,103,142,1467.9061474628,35,0,45.54624431,0,"32","18"
"species",104,104,151.501275943773,886.315899200792,27.9895104517892,8.986825974,5.328123385,43.19049243,"31","18"
"species",105,105,151.529390207985,712.593109254576,30.4989719095404,52.77933483,11.57085103,22.39424401,"31","18"
"species",106,106,130.295589405708,823.322279776091,28.9243363131077,17.16661537,6.598909338,2.863393877,"32","18"
"species",107,107,147.769942301882,767.933026256524,27.2842359775428,36.73246483,7.237559382,26.88021893,"31","18"
"species",108,108,113.043559179644,1036.24671975574,27.381243830762,23.84674571,8.804251692,2.249154622,"31","18"
"species",109,109,144.214005306493,801.929973467533,26,56.43464358,0,18.91236981,"31","18"
"species",110,110,151.081474465486,800.169774265315,26,69.53884645,0,31.96862846,"31","12"
"species",111,111,148.761807053984,804.468666708122,27.0176460110259,31.62871311,23.37839451,54.23981139,"31","18"
"species",112,112,147.418734629111,809.690705056513,27,31.62871311,23.37839451,54.23981139,"31","13"
"species",113,113,151.219121899347,770.99552551284,28,36.73246483,7.237559382,26.88021893,"31","18"
"species",114,114,151.197154997362,789.233244256243,26,67.31210855,0,41.20556595,"31","18"
"species",115,115,149.257856849572,768.555444943913,26.7782809734415,36.73246483,7.237559382,26.88021893,"31","18"
"species",116,116,132.099763018486,779.732289902601,29.5369793151014,25.08547726,5.882198662,0,"31","12"
"species",117,117,150.261262616787,663.042383064348,34.1593312517588,81.09481554,4.229111868,5.284178289,"31","18"
"species",118,118,151,664.292136458266,35,81.09481554,4.229111868,5.284178289,"31","18"
"species",119,119,148.923641771069,853.904438746268,27.5847283542139,19.1553829,9.796781944,25.34703532,"31","13"
"species",120,120,160.146372075383,745.986650281074,27.5950479938224,50.54217048,0,48.52011888,"31","18"
"species",121,121,147.747814717486,673.599297578639,34.3437367886093,81.09481554,4.229111868,5.284178289,"31","18"
"species",122,122,149.16058172215,650.801386852869,35.9759953974546,81.09481554,4.229111868,5.284178289,"31","18"
"species",123,123,121.815232712425,1322.75792942258,34.8815232712425,0,65.80153498,0,"32","11"
"species",124,124,146.337759542434,668.152253307871,34.8237434788316,81.09481554,4.229111868,5.284178289,"31","13"
"species",125,125,144.393687374699,677.936898677269,34.7092189186298,81.09481554,4.229111868,5.284178289,"31","18"
"species",126,126,123.40204728153,907.028794750181,29.2772776995128,34.25057033,13.40190923,2.936689407,"31","12"
"species",127,127,137.203456397603,703.223982929974,31.5429987558898,61.71447547,2.220604501,25.05913131,"31","18"
"species",128,128,133.478399291161,758.527092394795,30.3584731544815,45.75073179,7.549714848,3.55799475,"31","13"
"species",129,129,132.957981461528,623.86275836488,38,47.04794055,7.578866015,6.142455744,"31","18"
"species",130,130,155.033917033035,772.801842223526,26.7790761087742,51.28501345,0,76.99634961,"31","18"
"species",131,131,148.903240595313,671.687384716122,34.3010801984377,81.09481554,4.229111868,5.284178289,"31","12"
"species",132,132,129.527237675559,632.36540440989,38.3969020881702,47.04794055,7.578866015,6.142455744,"31","18"
"species",133,133,136.671940461514,781.312423821099,27.0504946514884,45.5486725,2.225169257,8.847710058,"31","13"
"species",134,134,145.762717853091,758.002443135396,27,62.64905485,0,13.92362896,"31","18"
"species",135,135,136.567995150969,782.436216469294,27,45.5486725,2.225169257,8.847710058,"31","18"
"species",136,136,148.872580534282,741.774181458534,28.3518653278249,45.5486725,2.225169257,8.847710058,"31","12"
"species",137,137,141.631903201122,741.509838453983,30.2858258344895,45.75073179,7.549714848,3.55799475,"31","13"
"species",138,138,151.385942364461,804.408941933182,25.0048689174276,97.88517845,0,55.73232844,"31","13"
"species",139,139,126.963765071063,900.985568855629,27.8278152792392,27.00672829,9.836987784,5.031787593,"31","13"
"species",140,140,142.079535051083,720.238267556405,32,40.50443511,6.059374237,17.46115839,"31","13"
"species",141,141,151,663.214999066912,35,81.09481554,4.229111868,5.284178289,"31","18"
"species",142,142,128.4263504191,845.226066285684,29.8841632992341,34.25057033,13.40190923,2.936689407,"31","18"
"species",143,143,148.775353060068,673.563417725457,34.2584510200228,81.09481554,4.229111868,5.284178289,"31","13"
"species",144,144,152.363119665474,787.101360771118,27,25.95802664,0,9.768812952,"31","18"
"species",145,145,151.931002802256,793.360905290037,26,67.31210855,0,41.20556595,"31","18"
"species",146,146,126.179987512379,852.233537112271,30.1806422098927,34.25057033,13.40190923,2.936689407,"31","18"
"species",147,147,130.23725131379,821.977169428149,29.4865987036288,17.16661537,6.598909338,2.863393877,"31","18"
"species",148,148,149.090122684893,796.665925649876,27,36.73246483,7.237559382,26.88021893,"31","18"
"species",149,149,152.009151275728,805.00451915678,26,98.01839732,0,77.66208651,"31","12"
"species",150,150,151.083374438471,776.773977087927,27.4453744766736,31.62871311,23.37839451,54.23981139,"31","13"
"species",151,151,155.794314559124,786.927813179848,26.056824502103,88.79814137,0,97.69949443,"31","18"
"species",152,152,148.551490051175,775.794039795298,25.4252483418626,27.68398353,1.196552337,71.68308878,"31","12"
"species",153,153,139.417524257236,804.624283415719,26,36.73246483,7.237559382,26.88021893,"31","18"
"species",154,154,155.964698127568,768.459823172752,27,51.28501345,0,76.99634961,"31","18"
"species",155,155,157.203928527806,774.727971623953,26.416018534815,123.6422072,0,61.33776135,"31","18"
"species",156,156,130.143466529909,764.768078556533,29,63.27551572,2.493425199,5.000280052,"31","13"
"species",157,157,146.027175628181,751.17980162363,28,62.64905485,0,13.92362896,"31","18"
"species",158,158,137.136048703234,729.40084813613,31.0109410054362,36.46809388,3.943634702,0,"31","13"
"species",159,159,130.669793371299,762.267704729089,29.7319661569682,63.27551572,2.493425199,5.000280052,"31","11"
"species",160,160,134.333429230974,709.167141785009,31.4620071133132,47.54749112,7.159377437,31.17824254,"31","13"
"species",161,161,131.522005600928,736.860415848167,30.3339437212379,47.54749112,7.159377437,31.17824254,"31","13"
"species",162,162,149.302124886612,683.465544580366,31,47.54749112,7.159377437,31.17824254,"31","18"
"species",163,163,132.921298412789,779.420245108503,30.2868960837878,25.08547726,5.882198662,0,"31","11"
"species",164,164,134.51056101142,949.671247395256,30.8272846333714,23.84674571,8.804251692,2.249154622,"31","18"
"species",165,165,148.790946148829,732.933107204911,30.0191371327195,45.75073179,7.549714848,3.55799475,"31","18"
"species",166,166,140.287448529967,795.576607312902,26.2999440707882,44.59782894,19.34093499,11.58562987,"31","18"
"species",167,167,156.663331242744,721.743712548093,28,58.39228437,13.61861029,41.98948722,"31","18"
"species",168,168,139.344203901971,669.853554911518,34.7599615505875,29.0328483,8.256227348,0,"31","18"
"species",169,169,132.194828797686,723.296893506811,32.4497986732819,29.0328483,8.256227348,0,"31","18"
"species",170,170,137.837479448517,719.168168441011,33.0517438921711,43.09401964,3.291684299,11.34326558,"31","13"
"species",171,171,146.449005047195,710.205940222452,32,43.09401964,3.291684299,11.34326558,"31","13"
"species",172,172,106.559280149986,804.828829277488,28.9195474519836,15.11043496,1.843373575,0.778437432,"31","11"
"species",173,173,124.621627136586,780.302864842551,29,63.27551572,2.493425199,5.000280052,"31","12"
"species",174,174,142.678429114663,722.843188039477,30.8094695605155,63.27551572,2.493425199,5.000280052,"31","18"
"species",175,175,136.886364406022,745.040954642314,29.0378785313261,63.27551572,2.493425199,5.000280052,"31","18"
"species",176,176,124.487109306703,673.680501290219,35.4952824759215,35.4788309,2.294324006,1.297314748,"31","12"
"species",177,177,140.490215102381,600.38728898115,38,73.34505261,0.606095319,10.79659412,"31","18"
"species",178,178,119.003449338714,625.984832232453,34.5168685354244,44.32803191,13.33544072,0,"31","12"
