"species","x","y","bio10_16","bio12_16","bio15_16","moose2015","red_deer2015","roe_deer2015","Forest_Type","Forest_Productivity"
"species",1,1,129.292115497327,901.333653368747,30.3453319544494,8.6820767,1.920838358,0.711016946,"31","13"
"species",2,2,126.827153626363,910.043174014445,30.3915693814184,23.84674571,8.804251692,2.249154622,"31","12"
"species",3,3,122.570798444138,840.736271601982,29.1286120107651,17.16661537,6.598909338,2.863393877,"31","18"
"species",4,4,116.680051051729,1400.30742134796,34.1866723390811,0,65.80153498,0,"32","18"
"species",5,5,124.418111371428,642.236306436365,34,21.44220167,7.391513063,4.110154002,"32","11"
"species",6,6,153.593551622455,742.413257564844,28.7967758112277,14.4730961,0,24.17657341,"31","18"
"species",7,7,146.73691165947,894.866187988817,27.4355620547603,8.986825974,5.328123385,43.19049243,"31","18"
"species",8,8,148.23590648418,760.317671575711,28.0753430950039,14.4730961,0,24.17657341,"31","18"
"species",9,9,123.160577194663,882.986216862881,28.9283435810786,2.60634297,37.67267013,6.838866456,"32","18"
"species",10,10,150.635210366435,755.627670979512,28,14.4730961,0,24.17657341,"31","13"
"species",11,11,141.927461747454,780.53445334453,27.1565349608473,14.4730961,0,24.17657341,"31","13"
"species",12,12,146.126194213998,764.776434354624,28.0761137465185,14.4730961,0,24.17657341,"31","13"
"species",13,13,134.01876217335,1800.47417286538,34,0.28148691,27.71730315,2.140618419,"32","18"
"species",14,14,150.169108951833,769.457176393368,26,20.54222974,10.26753813,59.77728131,"31","18"
"species",15,15,150.440244111149,766.062204567782,26.3523915201944,20.54222974,10.26753813,59.77728131,"31","18"
"species",16,16,124.604353460969,814.359690490887,29.8249983778142,25.08547726,5.882198662,0,"31","11"
"species",17,17,152.159134912967,761.435504740106,26.7134919537609,20.54222974,10.26753813,59.77728131,"31","18"
"species",18,18,117.782126512528,1035.72879161876,31.7427135413233,0.329780715,36.92443621,3.634352974,"32","11"
"species",19,19,155.369306611012,729.974240790786,27.5736405612635,58.39228437,13.61861029,41.98948722,"31","18"
"species",20,20,126.764781913158,1246.136577715,27.506372322431,31.32926682,9.294859902,16.81234848,"31","12"
"species",21,21,125.258934986508,1201.42923992522,27.0278836293549,31.32926682,9.294859902,16.81234848,"33","12"
"species",22,22,146.627102404247,774.68574080377,25.063374907678,24.10430486,10.37656872,60.73339464,"31","12"
"species",23,23,140.572190541492,808.081645377195,27.1641954099583,30.18818188,28.25801849,15.04767058,"33","18"
"species",24,24,118.302960675508,1879.04744659573,33.2095731233293,0.28148691,27.71730315,2.140618419,"32","18"
"species",25,25,123.870289266904,817.766143550995,29.6692194278022,17.16661537,6.598909338,2.863393877,"31","18"
"species",26,26,118.833183092659,844.139936404027,30.8300005576509,0.280180551,22.55660234,0,"32","11"
"species",27,27,133.81014237922,814.623475369216,32.9726797317558,0.280180551,22.55660234,0,"32","11"
"species",28,28,96.2909610224016,967.311295730321,27.7808202086544,0.280180551,22.55660234,0,"32","11"
"species",29,29,136.652379236762,727.248630578529,33.6782673986806,0.280180551,22.55660234,0,"32","11"
"species",30,30,153.688489485902,748.550635868763,26.1358084701261,66.99028899,10.03937061,122.8613909,"31","18"
"species",31,31,150.21401943901,762.727552993824,25.4397085059036,66.99028899,10.03937061,122.8613909,"31","18"
"species",32,32,116.740796154516,1049.26052125907,31.5695405981461,0.329780715,36.92443621,3.634352974,"32","18"
"species",33,33,117.847914095486,1170.40282240976,22.3815671278856,27.73827747,26.00016748,5.561003632,"32","18"
"species",34,34,117.04246930953,1079.08493861906,24.9575306904696,1.511478024,28.4208772,5.099162657,"32","11"
"species",35,35,112.661322293039,1759.82800242294,34.0522605546022,0,72.19790701,0,"32","18"
"species",36,36,142.570414087241,809.756940174088,27.6788644290227,30.18818188,28.25801849,15.04767058,"31","13"
"species",37,37,120.819822367033,1856.83771804623,32.5757174700995,1.230742456,54.82371669,0,"32","11"
"species",38,38,138.74521865617,1739.63396906275,33.8955182974055,1.230742456,54.82371669,0,"31","18"
"species",39,39,126.857062852018,1880.03491979593,33.6373446746929,1.230742456,54.82371669,0,"32","18"
"species",40,40,124.179132466806,1828.49324875748,24.4824939338804,43.43858521,0,4.049319371,"31","13"
"species",41,41,125.186126449215,795.070104164261,28,63.27551572,2.493425199,5.000280052,"31","12"
"species",42,42,115.785743959803,1872.55070991553,32.7062462602464,0.28148691,27.71730315,2.140618419,"32","18"
"species",43,43,108.966056038289,1469.73768403772,33.3844184800619,0,65.80153498,0,"32","18"
"species",44,44,117.749107074683,1927.14781690413,32.2904077156399,1.230742456,54.82371669,0,"32","18"
"species",45,45,123.504239248675,2087.26384211264,33,0.617597504,13.06434867,0,"32","18"
"species",46,46,96.0368533523022,2162.31300995769,30.8352425973531,0.312262575,2.592509575,0,"32","18"
"species",47,47,121.617699927443,1763.80016249466,33.4961929019828,0.28148691,27.71730315,2.140618419,"32","11"
"species",48,48,125.659303067065,2165.32546279984,31.6349444470061,0,105.3622251,0,"33","18"
"species",49,49,138.580152905463,786.723495223845,26.5220534228482,42.3937797,3.046792248,27.21135526,"31","12"
"species",50,50,121.470074006556,902.067606071379,23,107.1315294,68.74161834,12.85435873,"31","18"
"species",51,51,122.218078784342,1341.20216868145,27.0957445719743,21.70710799,6.043681012,9.739136656,"31","18"
"species",52,52,106.226179169958,680.321683095883,36.9088914014822,44.38970266,3.205442272,3.681773963,"31","12"
"species",53,53,106.471821693223,805.161132632318,29.7195915604632,0.280180551,22.55660234,0,"32","11"
"species",54,54,106.188098350936,1182.32569553962,27.984125788439,9.130896837,135.1851806,13.26228231,"32","18"
"species",55,55,117.713094633744,893.523873255386,27.0059586720157,2.60634297,37.67267013,6.838866456,"32","18"
"species",56,56,92.6525347126813,2056.48978742489,32.2198826695868,0,70.82162147,0,"32","18"
"species",57,57,121.961419298814,1184.4086416544,22.4566841455738,8.105755326,35.03618984,3.452087216,"32","18"
"species",58,58,126.991652564033,1153.82613274958,26,1.511478024,28.4208772,5.099162657,"32","11"
"species",59,59,119.765021495429,853.908085475054,27.2186726144126,2.60634297,37.67267013,6.838866456,"32","18"
"species",60,60,143.232258775732,787.318713317871,25,45.48785783,33.89613967,19.91579349,"31","18"
"species",61,61,131.239133298151,827.105685271275,32.4016277967163,0.280180551,22.55660234,0,"32","11"
"species",62,62,117.119070439703,675.14122838112,31.3059606883851,21.44220167,7.391513063,4.110154002,"31","11"
"species",63,63,117.103125048032,2022.85980108049,34.4500515526259,0,129.495415,0,"32","18"
"species",64,64,117.939492369334,670.888039597366,31.4238935861263,21.44220167,7.391513063,4.110154002,"33","12"
"species",65,65,106.471890604177,703.58432818747,36,47.04794055,7.578866015,6.142455744,"31","11"
"species",66,66,140.586684251054,1150.44173298964,28.5351704537538,31.32926682,9.294859902,16.81234848,"31","11"
"species",67,67,155.228053164475,737.013953357157,26.0738339849437,66.99028899,10.03937061,122.8613909,"31","18"
"species",68,68,118.600520700813,833.203454382142,28.6549214248879,25.08547726,5.882198662,0,"31","18"
"species",69,69,118.252948760657,1126.84068715994,22,27.73827747,26.00016748,5.561003632,"31","18"
"species",70,70,126.564662214491,855.757312617577,24,79.89208961,1.335197374,31.0221955,"31","18"
"species",71,71,149.79026133958,758.079365815109,28,14.4730961,0,24.17657341,"31","18"
"species",72,72,123.394454286498,1201.22228458903,22.607919744295,8.105755326,35.03618984,3.452087216,"32","18"
"species",73,73,151.888489144898,751.981060476066,26,66.99028899,10.03937061,122.8613909,"31","18"
"species",74,74,128.255472538783,966.76977262509,30.9023879935742,1.500546841,37.81767443,4.921665901,"32","18"
"species",75,75,127.588830409654,962.870029761529,30.8869271861645,1.500546841,37.81767443,4.921665901,"32","18"
"species",76,76,103.373698840999,1901.74527389555,32.8341520347022,0,59.47862289,0,"32","18"
"species",77,77,110.265454007052,897.259767504441,30.4920227887644,0.280180551,22.55660234,0,"32","11"
"species",78,78,119.991415615406,1981.78383674096,35.3173155610164,0,129.495415,0,"31","18"
"species",79,79,127.451779303287,1031.81656997648,23.7809050949367,1.511478024,28.4208772,5.099162657,"32","18"
"species",80,80,133.561525677222,900.957440322471,29,2.60634297,37.67267013,6.838866456,"31","18"
"species",81,81,122.550675879306,963.400678611332,29.5832134003207,23.84674571,8.804251692,2.249154622,"31","13"
"species",82,82,113.043559179644,1036.24671975574,27.381243830762,23.84674571,8.804251692,2.249154622,"31","18"
"species",83,83,131.815551301578,1865.59392200054,33.1227276456539,0.312262575,2.592509575,0,"32","18"
"species",84,84,138.447909052492,915.583103842302,26.7314571072553,19.1553829,9.796781944,25.34703532,"31","18"
"species",85,85,137.99817798899,894.511145009102,31.9997397127129,23.84674571,8.804251692,2.249154622,"31","18"
"species",86,86,147.632890794044,978.981807452668,28,22.01528898,3.277682184,66.32319669,"31","18"
"species",87,87,130.871749353261,834.724492166103,30.0691844109804,34.25057033,13.40190923,2.936689407,"31","18"
"species",88,88,98.3038572097039,1197.48818070801,28.839709485696,0.280180551,22.55660234,0,"32","18"
"species",89,89,109.776362640955,1092.38468131595,25.0780240957809,1.511478024,28.4208772,5.099162657,"31","11"
"species",90,90,99.910663211633,1210.08933678837,24.9821326423266,11.93871518,123.7871274,5.903766743,"32","18"
"species",91,91,116.197518393174,1656.66093308475,23.060185063329,35.22777237,2.429529651,0,"31","18"
"species",92,92,119.080478559869,1050.80685145631,23,126.177623,2.760852173,65.58726406,"31","18"
"species",93,93,114.696311549932,883.222362221355,23,82.23118812,21.71678608,13.07621608,"31","12"
"species",94,94,115.628175649188,1280.08192472503,21,32.8639907,0.524963329,2.297310892,"33","18"
"species",95,95,123.805586254146,1119.60460507006,27,6.170248522,215.1429872,21.43908441,"31","18"
"species",96,96,123.469738942984,1196.24837403301,28.1638921083405,6.170248522,215.1429872,21.43908441,"31","18"
"species",97,97,117.915686587894,1106.83137317579,22.9782645109702,8.105755326,35.03618984,3.452087216,"32","18"
"species",98,98,122.158935790483,796.813264468894,25,36.25939668,6.648445301,2.712137721,"31","18"
"species",99,99,115.525235823098,1300.56264975628,21,32.8639907,0.524963329,2.297310892,"31","13"
"species",100,100,119.934591950407,838.286801709193,23.6433844195963,126.3472513,5.651303822,12.77727599,"31","13"
"species",101,101,118.849631897256,905.720636291784,23,79.89208961,1.335197374,31.0221955,"31","13"
"species",102,102,124.758356066248,1139.38026569677,22.7804819701478,107.5650526,2.431337072,17.86445891,"31","18"
"species",103,103,124.393830635865,1218.92002427624,22.6834557325411,8.105755326,35.03618984,3.452087216,"32","18"
"species",104,104,129.976478019058,1158.69058782917,26.6029241713071,6.170248522,215.1429872,21.43908441,"31","18"
"species",105,105,130.050117882759,631.227140237639,34,21.44220167,7.391513063,4.110154002,"33","18"
"species",106,106,140.147564408846,868.032714419766,27,27.00672829,9.836987784,5.031787593,"31","13"
"species",107,107,113.280984971418,857.946775511154,27.9678281523638,17.16661537,6.598909338,2.863393877,"31","13"
"species",108,108,121.737335522049,822.879622372486,28.7588055698883,25.08547726,5.882198662,0,"31","18"
"species",109,109,128.199945959696,1029.57415097855,24.0423155676206,1.511478024,28.4208772,5.099162657,"32","18"
"species",110,110,128.008635863976,936.108347229542,30.1631857520482,23.84674571,8.804251692,2.249154622,"31","13"
"species",111,111,113.96339875929,884.428347492106,26.5466664224283,17.16661537,6.598909338,2.863393877,"31","11"
"species",112,112,125.83553786736,1612.22654201866,29.973423695655,32.1551517,12.60185313,10.94655331,"31","13"
"species",113,113,138.293815026214,1428.39665033751,30.3033897234074,34.46662462,11.40561204,30.23207331,"31","18"
"species",114,114,111.904068622351,1128.95030078216,26,16.94876747,6.502416008,5.657901198,"31","11"
"species",115,115,94.8123478405357,2257.03974100333,31.6434751749718,0,45.54624431,0,"32","18"
"species",116,116,137.624431910248,944.435336943186,27,19.1553829,9.796781944,25.34703532,"31","12"
"species",117,117,133.882116491233,1218.46865666356,27.6751371463419,31.32926682,9.294859902,16.81234848,"31","13"
"species",118,118,137.90961568567,797.360048580677,29.0315380987731,39.22450649,6.010983447,15.68107659,"31","13"
"species",119,119,117,994.971235770673,23.5143821146635,58.4723768,7.320391572,28.12153046,"32","13"
"species",120,120,123.966562337644,689,36,57.6378679,5.623193259,2.560358706,"31","13"
"species",121,121,123.96841369537,1286.51620046793,27.9733584852112,16.20637067,2.808924299,2.267648925,"31","12"
"species",122,122,105.078992625305,2206.31367985927,32.6058957536055,0,45.54624431,0,"32","18"
"species",123,123,115.017459169025,1276.21765122077,25,12.84073283,0,0,"31","13"
"species",124,124,111.326821636152,927.148187833074,27.5352122476807,23.84674571,8.804251692,2.249154622,"31","12"
"species",125,125,138.876133324796,787.009689186174,26.2271466762407,58.39228437,13.61861029,41.98948722,"31","13"
"species",126,126,141.157641745343,778.550156412871,26.3328554650713,58.39228437,13.61861029,41.98948722,"31","18"
"species",127,127,152.010564651059,739.30047325509,27.4102722490734,58.39228437,13.61861029,41.98948722,"31","18"
"species",128,128,132.376114956446,1446.26934356258,29.9575001874808,34.46662462,11.40561204,30.23207331,"31","12"
"species",129,129,128.72098742497,1293.63108982813,28.256819718601,16.20637067,2.808924299,2.267648925,"31","18"
"species",130,130,128.114219092532,791.168673181641,29.7503663678445,25.08547726,5.882198662,0,"31","12"
"species",131,131,111.608234192853,1209.77155092387,25.9124156205684,16.94876747,6.502416008,5.657901198,"31","11"
"species",132,132,111.561855817674,2119.37093070834,32.4796101169847,0.312262575,2.592509575,0,"32","11"
"species",133,133,86.1942972913443,2218.605432016,29.8829946264265,0.312262575,2.592509575,0,"32","18"
"species",134,134,126.332721239692,2035.19750141552,33.2668139429769,0.617597504,13.06434867,0,"31","18"
"species",135,135,114.878321378984,673.579873269754,30.5710644426941,15.18059091,10.12129437,2.839168888,"31","13"
"species",136,136,116.902813622993,803.835379424683,29.8032241845276,16.02850254,5.105519101,1.518623386,"31","12"
"species",137,137,151.349715654735,750.153784593104,28,14.4730961,0,24.17657341,"31","18"
"species",138,138,131.582684397398,944.034534814591,26.2595415936924,19.1553829,9.796781944,25.34703532,"31","11"
"species",139,139,149.216944152966,762.686788217732,27.6200266100728,8.23719688,0,49.22957768,"31","18"
"species",140,140,138.324207318141,854.007122061542,26.6615105134516,27.00672829,9.836987784,5.031787593,"31","12"
"species",141,141,123.786034152842,805.215630708772,32.2725941807645,0.280180551,22.55660234,0,"31","12"
"species",142,142,155.457634340087,742.73114187892,28.8755269378317,14.4730961,0,24.17657341,"31","18"
"species",143,143,125.687844195135,1025.94133046468,31.6497946443664,1.500546841,37.81767443,4.921665901,"32","18"
"species",144,144,124.173262816871,863.356353096558,29.1743204888848,34.25057033,13.40190923,2.936689407,"31","13"
"species",145,145,142.585009304808,779.624939984594,27.148738077358,8.23719688,0,49.22957768,"31","13"
"species",146,146,131.179761316986,792.276896883125,28.4042122019903,43.09401964,3.291684299,11.34326558,"31","12"
"species",147,147,127.296458175758,803.489200986407,27.3672864426085,43.09401964,3.291684299,11.34326558,"31","12"
"species",148,148,132.854322722245,908.75021842392,30.9107330486223,23.84674571,8.804251692,2.249154622,"31","18"
"species",149,149,132,953.305091501069,31,23.22393919,2.078638027,1.526065809,"31","18"
"species",150,150,122.341237744737,998.889381036094,28.9924979232473,23.22393919,2.078638027,1.526065809,"31","18"
"species",151,151,130.648975919551,947.264086751454,31.0122259798473,23.84674571,8.804251692,2.249154622,"31","18"
"species",152,152,124.712748002568,818.741226713787,29.7087787289056,25.08547726,5.882198662,0,"31","11"
"species",153,153,111.42108590381,864.708454421336,28.0156708580911,17.16661537,6.598909338,2.863393877,"31","18"
"species",154,154,119.876456375596,928.307766100349,26,27.00672829,9.836987784,5.031787593,"31","11"
"species",155,155,151.663376902631,801.774465966181,26,82.84455655,0,106.3904331,"31","18"
"species",156,156,103.148092775217,1105.51827275732,30.2639273425617,0.329780715,36.92443621,3.634352974,"31","11"
"species",157,157,106.007177936945,651.799076029206,37.7014928624513,37.06402126,6.487973454,3.397277381,"31","12"
"species",158,158,151.312089381163,756.472644151281,26.3882554914789,28.31384118,2.682683834,71.77863918,"31","18"
"species",159,159,146.10954139478,779.210518884239,25.3309860857323,24.10430486,10.37656872,60.73339464,"31","18"
"species",160,160,153.741045615338,748.9652534189,26.3312258399425,24.10430486,10.37656872,60.73339464,"31","18"
"species",161,161,131.788975331097,814.842598168188,25.615855842658,58.39228437,13.61861029,41.98948722,"31","13"
"species",162,162,151.748371382987,745.134617810432,28.7233983150147,14.4730961,0,24.17657341,"31","18"
"species",163,163,118.698811716044,625.705192497571,38,37.06402126,6.487973454,3.397277381,"31","13"
"species",164,164,129.56057126628,1842.53982325296,33.2267042518183,1.230742456,54.82371669,0,"33","18"
"species",165,165,134.864184935796,1467.83158076143,29.6735405251659,34.46662462,11.40561204,30.23207331,"33","18"
"species",166,166,126.594206515438,1739.50866927506,34,0.28148691,27.71730315,2.140618419,"31","18"
"species",167,167,129.041247436181,958.494465566686,26,19.1553829,9.796781944,25.34703532,"31","11"
"species",168,168,118.995675065239,650.390852961781,34,21.44220167,7.391513063,4.110154002,"31","13"
"species",169,169,140.535026139524,1033.87532173285,27.3521149477449,31.32926682,9.294859902,16.81234848,"33","18"
"species",170,170,126.972561997116,789.339258215207,28.0873212753365,45.75073179,7.549714848,3.55799475,"31","12"
"species",171,171,122.76141398251,614.834989346158,38,37.06402126,6.487973454,3.397277381,"31","13"
"species",172,172,148.83648081939,755.812865106415,28,14.4730961,0,24.17657341,"31","18"
"species",173,173,153.354516663872,749.709959560313,26.4640681587073,24.10430486,10.37656872,60.73339464,"32","18"
"species",174,174,134.721204226648,529.58088543288,44.0274626963208,19.65079791,2.607823693,0.963929762,"31","18"
"species",175,175,145.634392721792,808.37537617598,26.0235597764951,25.95802664,0,9.768812952,"31","12"
"species",176,176,120.935130835643,1876.51266089608,33.0999539315963,0.28148691,27.71730315,2.140618419,"32","11"
"species",177,177,124.462091312413,849.74915392255,27.0848258389483,2.60634297,37.67267013,6.838866456,"32","18"
"species",178,178,112.431868518692,860.413388499701,28.2422719493339,17.16661537,6.598909338,2.863393877,"31","12"
"species",179,179,120.991943827341,830.042723339654,29.5558269418175,17.16661537,6.598909338,2.863393877,"31","18"
"species",180,180,143.979956360893,785.094157617747,25.1326559020272,24.10430486,10.37656872,60.73339464,"33","18"
"species",181,181,151.363448969945,727.127197605939,28.4764870793732,47.98495095,9.125587817,25.0920897,"31","18"
"species",182,182,129.761794775309,813.448183649969,29.2386679126389,17.16661537,6.598909338,2.863393877,"31","18"
"species",183,183,141.89107719586,779.756794369304,27.8199881044796,14.4730961,0,24.17657341,"31","18"
"species",184,184,138.87250988613,769.374251992812,28.7265277209293,43.09401964,3.291684299,11.34326558,"31","13"
"species",185,185,152.402863140606,753.396676650988,26.7295436437592,24.10430486,10.37656872,60.73339464,"31","18"
"species",186,186,140.822630414283,780.812554148823,27.4721107644817,42.3937797,3.046792248,27.21135526,"31","12"
"species",187,187,132.906829150519,947.806074879198,29,2.60634297,37.67267013,6.838866456,"32","11"
"species",188,188,142.736791315686,777.580804420575,26.3401054533006,58.39228437,13.61861029,41.98948722,"31","13"
"species",189,189,149.251359653785,768.671833539734,25.0052067158365,24.10430486,10.37656872,60.73339464,"31","18"
"species",190,190,148.378249357313,765.129790154957,26,66.99028899,10.03937061,122.8613909,"31","13"
"species",191,191,96.3287918996521,1533.79052515882,31.7097100535874,0,65.80153498,0,"32","18"
"species",192,192,134.403599549918,828.72575341405,33.7026816422861,0.280180551,22.55660234,0,"32","11"
"species",193,193,108.479464650403,929.968158858135,26.7205518004863,34.25057033,13.40190923,2.936689407,"31","12"
"species",194,194,138.685912772187,786.71688196034,27.3639115619109,14.4730961,0,24.17657341,"31","13"
"species",195,195,123.090546893285,1680.01611769174,35.0088809990316,0,72.19790701,0,"32","18"
"species",196,196,137.598744876411,765.73485344954,33.404178997526,0.280180551,22.55660234,0,"32","18"
"species",197,197,125.398519146567,2332.47220141421,33.9046827533141,0,135.4030123,0,"32","18"
"species",198,198,120.703268263295,729.044917614167,31.2759221937838,0.774659952,15.09569094,0,"32","18"
"species",199,199,111.230460678934,1189.15308356303,31.2586093943667,0.280180551,22.55660234,0,"32","11"
"species",200,200,107.790940194531,1913.59376898317,33.998852957056,0,65.53214536,0,"32","18"
"species",201,201,107.20122061764,2089.49101683141,31.4963945182599,0.312262575,2.592509575,0,"32","11"
"species",202,202,116.885603935711,1650.22150488672,32.6429598241923,0.28148691,27.71730315,2.140618419,"32","11"
"species",203,203,114.643402956117,1296.58095106731,32.0928960950127,0,72.19790701,0,"33","18"
"species",204,204,98.2170807537501,2239.46584825123,31.9347316335004,0,45.54624431,0,"32","18"
"species",205,205,114.067575520081,1277.74548971332,21.0168938800203,32.8639907,0.524963329,2.297310892,"33","18"
"species",206,206,138.035417784696,849.296658897082,26.2936500866799,27.00672829,9.836987784,5.031787593,"31","13"
"species",207,207,101.856453507779,1682.45544202665,31.4427714033525,0,59.47862289,0,"32","18"
"species",208,208,120.451247159887,1717.14187865444,33.8911836895841,0,59.47862289,0,"31","18"
