"species","x","y","bio10_16","bio12_16","bio15_16","moose2015","red_deer2015","roe_deer2015","Forest_Type","Forest_Productivity"
"species",1,1,121.487740812456,1597.57696848965,33.7301841899862,0,173.5961919,0,"32","18"
"species",2,2,114.117069292629,2802.47295911518,32,0,67.32846192,0,"31","11"
"species",3,3,116.183653179361,2798.62765885169,32,0,67.32846192,0,"31","18"
"species",4,4,103.528528321135,2453.75201241842,32.5685029828135,0,122.6817566,0,"31","18"
"species",5,5,113.333004999295,2366.72866178626,32.8907264665846,0,122.6817566,0,"32","18"
"species",6,6,112.133742921988,2391.10964318711,32.5106814209194,0,122.6817566,0,"31","18"
"species",7,7,114.223482319189,2363.92869831715,32.8337950299017,0,122.6817566,0,"32","18"
"species",8,8,110.16989944854,2408.42889110271,32.2601870065286,0,122.6817566,0,"33","18"
"species",9,9,114.63747184871,2324.8160274036,32,0,88.5743588,0,"31","11"
"species",10,10,107.76112926794,2381.67280575797,32,0,88.5743588,0,"31","18"
"species",11,11,109.304951300165,2031.12309338968,30.7834817704012,5.036318203,23.6999329,19.29514959,"32","11"
"species",12,12,107.254507237066,2431.42978428824,32.4761343399108,0,122.6817566,0,"31","11"
"species",13,13,115.616350706926,2365.21819238864,32.5499329035864,0,122.6817566,0,"31","18"
"species",14,14,108.32831860739,2457.56064070601,32.8731662811712,0,122.6817566,0,"31","11"
"species",15,15,111.618992435366,2394.19916906929,32.6976810997378,0,70.82162147,0,"31","11"
"species",16,16,112.368674119808,2330.26971030509,32.7157334627428,0,88.5743588,0,"31","18"
"species",17,17,104.892643073451,2381.86099107763,32.9667106016737,0,70.82162147,0,"32","11"
"species",18,18,121.640245941978,2274.12541339749,33,0,122.6817566,0,"31","18"
"species",19,19,109.823923060512,2345.5909917344,32.3595738630026,0,88.5743588,0,"31","18"
"species",20,20,126.378315025107,2602.81243897699,32.5143631728733,0,34.79562648,0,"32","11"
"species",21,21,124.774062880318,2210.33468357004,33,0,88.5743588,0,"32","18"
"species",22,22,117.203950169233,2296.24491070257,31,0,105.3622251,0,"31","11"
"species",23,23,105.034176699422,2401.061507057,31.9245780648359,0,88.5743588,0,"31","18"
"species",24,24,107.930898155673,2365.59554692964,32.1524641856207,0,88.5743588,0,"31","18"
"species",25,25,110.518317746552,2396.00449477005,32.7522917587736,0,70.82162147,0,"31","18"
"species",26,26,108.428517653079,2137.92450781868,33,0,91.82168678,0,"32","13"
"species",27,27,108.953802892249,2420.43189043772,32.5875285036152,0,122.6817566,0,"31","11"
"species",28,28,123.391568891377,2215.977211231,31.1696526396625,0,105.3622251,0,"31","18"
"species",29,29,116.595265536928,2908.95710471408,32.0051897137508,0,67.32846192,0,"32","11"
"species",30,30,96.8970612266612,2036.54819448976,32.3646608553382,0,118.3072847,0,"31","18"
"species",31,31,118.598023173278,1667.26772543457,33.7258687484483,0,173.5961919,0,"32","11"
"species",32,32,108.844800303318,2304.5455545333,32.9932452566703,0,88.5743588,0,"31","11"
"species",33,33,116.738318934103,2342.72840575527,32.5143257898945,0,122.6817566,0,"31","18"
