"species","x","y","bio10_16","bio12_16","bio15_16","moose2015","red_deer2015","roe_deer2015","Forest_Type","Forest_Productivity"
"species",1,1,124.712748002568,818.741226713787,29.7087787289056,25.08547726,5.882198662,0,"31","11"
"species",2,2,125.915855547917,824.684296247898,26,45.5486725,2.225169257,8.847710058,"31","12"
"species",3,3,138.216749823433,781.410906526671,26.4939419959487,44.05497245,6.614368484,22.79335791,"31","13"
"species",4,4,120.186116867744,943.18314509789,29.1624576955634,23.84674571,8.804251692,2.249154622,"33","13"
"species",5,5,118.600520700813,833.203454382142,28.6549214248879,25.08547726,5.882198662,0,"31","18"
"species",6,6,119.799652933057,908.053080060541,26.0782801628983,27.00672829,9.836987784,5.031787593,"31","13"
"species",7,7,126.08420124497,822.188930541677,26.2383177996922,45.5486725,2.225169257,8.847710058,"31","12"
"species",8,8,123.870289266904,817.766143550995,29.6692194278022,17.16661537,6.598909338,2.863393877,"31","18"
"species",9,9,114.946826757788,852.367400134615,27.6704670631773,17.16661537,6.598909338,2.863393877,"31","12"
"species",10,10,124.466258343164,846.622282845876,28.1633250655198,17.16661537,6.598909338,2.863393877,"31","12"
"species",11,11,123.071039505607,912.793016256846,29.9735972010557,23.84674571,8.804251692,2.249154622,"31","12"
"species",12,12,112.431868518692,860.413388499701,28.2422719493339,17.16661537,6.598909338,2.863393877,"31","12"
"species",13,13,147.737362942717,826.856696471498,27,29.46682025,13.13958428,33.29227205,"31","13"
"species",14,14,124.332478408608,878.937195958719,29.955653336018,23.84674571,8.804251692,2.249154622,"31","18"
"species",15,15,115.082577737663,943.838204317677,28.3155482525641,23.84674571,8.804251692,2.249154622,"31","12"
"species",16,16,120.862968742929,872.117324276967,29.2641143987553,34.25057033,13.40190923,2.936689407,"31","13"
"species",17,17,97.0934271683687,929.525376697866,26.1744522640307,25.08547726,5.882198662,0,"31","11"
"species",18,18,116.247270691858,862.130878857867,28.0505829031962,17.16661537,6.598909338,2.863393877,"31","11"
"species",19,19,130.556496414182,801.285759298344,30.3419588910917,17.16661537,6.598909338,2.863393877,"31","18"
"species",20,20,137.90961568567,797.360048580677,29.0315380987731,39.22450649,6.010983447,15.68107659,"31","13"
"species",21,21,117.956675091292,858.272379060003,25,45.5486725,2.225169257,8.847710058,"31","12"
"species",22,22,115.852200225455,909.724549247674,28.1711249946796,23.84674571,8.804251692,2.249154622,"31","13"
"species",23,23,129.298355241078,924.068060243583,30.6089586495433,23.84674571,8.804251692,2.249154622,"31","18"
"species",24,24,116.2138704546,884.092455011283,28.2969986169051,34.25057033,13.40190923,2.936689407,"31","11"
"species",25,25,136.402578521962,838.784263162151,30.6329517247295,34.25057033,13.40190923,2.936689407,"31","18"
"species",26,26,112.004606113246,1075.47085852848,27.2466875559591,23.22393919,2.078638027,1.526065809,"33","11"
"species",27,27,126.246897160065,848.236497170936,29.9092918849745,34.25057033,13.40190923,2.936689407,"31","18"
"species",28,28,123.465230700011,845.708937924214,25.4569964049842,45.5486725,2.225169257,8.847710058,"31","13"
"species",29,29,113.280984971418,857.946775511154,27.9678281523638,17.16661537,6.598909338,2.863393877,"31","13"
"species",30,30,111.326821636152,927.148187833074,27.5352122476807,23.84674571,8.804251692,2.249154622,"31","12"
"species",31,31,125.202201782737,978.093588130423,29.4577416000642,23.84674571,8.804251692,2.249154622,"31","18"
"species",32,32,113.043559179644,1036.24671975574,27.381243830762,23.84674571,8.804251692,2.249154622,"31","18"
"species",33,33,151.195131706379,906.317039027674,28,23.89748014,23.86313203,45.86903182,"31","18"
"species",34,34,116.934527875234,957.71907465229,28.5797710450237,23.84674571,8.804251692,2.249154622,"31","12"
"species",35,35,116.555205426436,965.846750333459,28.3997465474299,23.84674571,8.804251692,2.249154622,"31","13"
"species",36,36,112.067130546726,1332.8801449221,26.8073916443951,16.20637067,2.808924299,2.267648925,"33","13"
"species",37,37,122.341237744737,998.889381036094,28.9924979232473,23.22393919,2.078638027,1.526065809,"31","18"
"species",38,38,125.341446526075,887.991053829171,26.5999862158556,27.00672829,9.836987784,5.031787593,"31","13"
"species",39,39,119.601632224679,928.687376123961,28.8728502676365,23.84674571,8.804251692,2.249154622,"31","12"
"species",40,40,132.099763018486,779.732289902601,29.5369793151014,25.08547726,5.882198662,0,"31","12"
"species",41,41,123.76915954754,931.64350969732,26.4811621180133,27.00672829,9.836987784,5.031787593,"31","11"
"species",42,42,130.295589405708,823.322279776091,28.9243363131077,17.16661537,6.598909338,2.863393877,"32","18"
"species",43,43,126.179987512379,852.233537112271,30.1806422098927,34.25057033,13.40190923,2.936689407,"31","18"
"species",44,44,134.51056101142,949.671247395256,30.8272846333714,23.84674571,8.804251692,2.249154622,"31","18"
"species",45,45,137.465231750375,808.868327641938,29.4768596928325,39.22450649,6.010983447,15.68107659,"31","12"
"species",46,46,141.998090188723,750.103093471103,31,25.08547726,5.882198662,0,"31","12"
"species",47,47,145.680702838146,770.418201693113,30,39.22450649,6.010983447,15.68107659,"31","12"
"species",48,48,111.738436625752,953.924194911364,27.7080663387379,23.84674571,8.804251692,2.249154622,"31","13"
"species",49,49,119.516393368911,872.847309659709,29.3037122761565,34.25057033,13.40190923,2.936689407,"31","13"
"species",50,50,127.0741827277,850.523803885984,30.172438915445,34.25057033,13.40190923,2.936689407,"31","18"
"species",51,51,120.692287738347,873.594408618255,28.971883380693,34.25057033,13.40190923,2.936689407,"31","13"
"species",52,52,144.987107128533,805.317756908867,31.666340335407,34.25057033,13.40190923,2.936689407,"31","18"
"species",53,53,98.5752407571702,949.333757108452,25.7245954893482,17.16661537,6.598909338,2.863393877,"31","11"
"species",54,54,147.741899518771,821.244694668472,27,29.46682025,13.13958428,33.29227205,"31","18"
"species",55,55,108.414214862645,920.727093647335,27.4564433305352,23.84674571,8.804251692,2.249154622,"31","13"
"species",56,56,111.42108590381,864.708454421336,28.0156708580911,17.16661537,6.598909338,2.863393877,"31","18"
"species",57,57,126.373861273996,853.407848144387,29.6104958930005,34.25057033,13.40190923,2.936689407,"31","18"
"species",58,58,117.163062969823,836.233103046848,28.9555404493507,17.16661537,6.598909338,2.863393877,"31","18"
"species",59,59,119.513697910065,856.576073310012,25.0745299573463,45.5486725,2.225169257,8.847710058,"31","11"
"species",60,60,110.187526793431,865.441029407907,27.2834646492111,25.08547726,5.882198662,0,"31","11"
"species",61,61,115.25760107273,1037.96145822289,28.2529959142723,23.22393919,2.078638027,1.526065809,"31","13"
"species",62,62,125.785470555552,911.361364719816,29.7609517690044,23.84674571,8.804251692,2.249154622,"31","12"
"species",63,63,108.792178014678,1030.86153519305,26.9307260048926,23.84674571,8.804251692,2.249154622,"31","12"
"species",64,64,117.280417998521,960.494402888772,28.611488285503,23.84674571,8.804251692,2.249154622,"31","13"
"species",65,65,135.151616611405,832.468773147711,27.0322630487651,30.18818188,28.25801849,15.04767058,"31","12"
"species",66,66,109.434668887914,1312.81566177088,27.2080170955745,9.344118737,2.901787862,1.784139695,"31","18"
"species",67,67,124.094077722856,865.263813024807,29.2158168782298,34.25057033,13.40190923,2.936689407,"31","18"
"species",68,68,120.710598783372,860.556006403745,29.0726186660054,34.25057033,13.40190923,2.936689407,"31","18"
"species",69,69,122.094152819322,852.545799107009,27.7660928053469,17.16661537,6.598909338,2.863393877,"31","12"
"species",70,70,122.570798444138,840.736271601982,29.1286120107651,17.16661537,6.598909338,2.863393877,"31","18"
"species",71,71,122.781428989431,861.964591374371,29.6841628026368,34.25057033,13.40190923,2.936689407,"31","13"
"species",72,72,120.04896826392,832.997461229696,29.0488740753733,17.16661537,6.598909338,2.863393877,"31","18"
"species",73,73,97.9870818350186,951.436819892566,25.8692841738936,17.16661537,6.598909338,2.863393877,"31","11"
"species",74,74,119.201025802073,837.757813720417,29.3968269740689,17.16661537,6.598909338,2.863393877,"31","11"
"species",75,75,118.640086965359,901.900776287964,29,23.84674571,8.804251692,2.249154622,"31","11"
"species",76,76,125.279544875062,857.633105664806,29.7101123860607,34.25057033,13.40190923,2.936689407,"31","13"
"species",77,77,90.1073051114414,937.597463076065,25.7764495356577,16.02850254,5.105519101,1.518623386,"32","11"
"species",78,78,93.224874127448,1419.63092877986,27,6.193128294,1.270061486,0,"32","11"
"species",79,79,94.5997151748496,1391.02314469732,25.7659924068473,9.344118737,2.901787862,1.784139695,"32","11"
"species",80,80,124.471788934919,916.286185014247,29.9625478556232,23.84674571,8.804251692,2.249154622,"31","12"
"species",81,81,140.607618923823,846.570435220683,31.4748636196372,23.84674571,8.804251692,2.249154622,"33","11"
