"species","x","y","bio10_16","bio12_16","bio15_16","moose2015","red_deer2015","roe_deer2015","Forest_Type","Forest_Productivity"
"species",1,1,134.01876217335,1800.47417286538,34,0.28148691,27.71730315,2.140618419,"32","18"
"species",2,2,150.169108951833,769.457176393368,26,20.54222974,10.26753813,59.77728131,"31","18"
"species",3,3,150.440244111149,766.062204567782,26.3523915201944,20.54222974,10.26753813,59.77728131,"31","18"
"species",4,4,145.260097960841,780.587261030122,25.3133600087287,24.10430486,10.37656872,60.73339464,"31","11"
"species",5,5,153.992589188694,752.419704465193,26.3052561670763,24.10430486,10.37656872,60.73339464,"31","18"
"species",6,6,118.302960675508,1879.04744659573,33.2095731233293,0.28148691,27.71730315,2.140618419,"32","18"
"species",7,7,118.833183092659,844.139936404027,30.8300005576509,0.280180551,22.55660234,0,"32","11"
"species",8,8,136.652379236762,727.248630578529,33.6782673986806,0.280180551,22.55660234,0,"32","11"
"species",9,9,116.740796154516,1049.26052125907,31.5695405981461,0.329780715,36.92443621,3.634352974,"32","18"
"species",10,10,119.639694988845,1083.5908726173,29.618780002684,2.60634297,37.67267013,6.838866456,"31","11"
"species",11,11,117.04246930953,1079.08493861906,24.9575306904696,1.511478024,28.4208772,5.099162657,"32","11"
"species",12,12,118.842748035275,2644.67751051272,32,0,194.4239437,0,"32","18"
"species",13,13,124.850622494487,1065.48067123078,32.3683096401745,0.280180551,22.55660234,0,"32","18"
"species",14,14,112.661322293039,1759.82800242294,34.0522605546022,0,72.19790701,0,"32","18"
"species",15,15,105.804231409339,2141.55238346319,32,0.28148691,27.71730315,2.140618419,"32","11"
"species",16,16,127.791986789799,1944.54084390353,32.2326655658166,0,141.1877689,16.43710807,"32","18"
"species",17,17,131.632667046901,2248.82262543088,32,0,105.3622251,0,"33","18"
"species",18,18,130.484382041857,2379.98090125808,32.0222710450502,0,90.43422982,0,"31","18"
"species",19,19,92.2239344162967,2533.44632785793,31.2223934416297,0,90.43422982,0,"32","18"
"species",20,20,114.228395905141,2570.76445903981,32,0,90.43422982,0,"32","18"
"species",21,21,119.146104358245,2500.36107925248,32,0,105.3622251,0,"31","11"
"species",22,22,132.58942182329,1953.37022712715,33,0.28148691,27.71730315,2.140618419,"32","18"
"species",23,23,128.160517430646,2011.06935005585,32.3627792448842,0.28148691,27.71730315,2.140618419,"31","11"
"species",24,24,130.023119151539,1841.78528254764,32.271457879411,0,102.3380465,13.2486909,"31","18"
"species",25,25,138.09222452974,2159.30078572957,32,0,105.3622251,0,"31","18"
"species",26,26,126.663529024316,1975.01689561141,32.8872291162097,5.537295974,16.85143025,7.6054687,"32","18"
"species",27,27,112.89917784356,2385.37649294631,32.5158425360657,0,122.6817566,0,"31","18"
"species",28,28,143,1018,35,0.280180551,22.55660234,0,"32","18"
"species",29,29,115.374573022994,1266.37457302299,24,2.924118232,133.8860726,8.361618179,"31","13"
"species",30,30,133.0694264078,1725.2492894889,31.9886720498088,5.036318203,23.6999329,19.29514959,"31","18"
"species",31,31,127.193317079874,1795.28787147153,31.0161309491026,0.330487631,6.963554461,4.487952357,"32","18"
"species",32,32,124.681201590798,2246.04683489171,33,0,122.6817566,0,"31","18"
"species",33,33,98.3038572097039,1197.48818070801,28.839709485696,0.280180551,22.55660234,0,"32","18"
"species",34,34,96.3287918996521,1533.79052515882,31.7097100535874,0,65.80153498,0,"32","18"
"species",35,35,133.223439142815,1814.72542592769,32.568077805599,5.537295974,16.85143025,7.6054687,"31","18"
"species",36,36,134.695673390516,2263.6421445267,32,0,170.0745195,0,"33","18"
"species",37,37,123.484442306521,2649.46334553708,32,0,90.43422982,0,"32","18"
"species",38,38,134.187463429222,1188.37996706691,28,31.32926682,9.294859902,16.81234848,"31","11"
"species",39,39,125.747616760093,1264.3459747669,24.9796682178285,2.924118232,133.8860726,8.361618179,"32","18"
"species",40,40,138.339886127702,1756.03026517636,33.6671347234073,1.230742456,54.82371669,0,"32","18"
"species",41,41,142.354373461429,1418.59420325508,31.3869131363964,27.84719022,20.86410079,46.05530616,"31","18"
"species",42,42,119.923622262167,2484.8410131522,32,0,105.3622251,0,"31","18"
"species",43,43,123.018343158042,2072.48618917914,33.1442436174949,0.28148691,27.71730315,2.140618419,"32","18"
"species",44,44,118.935440746709,1270.94937280971,23.8778451591096,2.924118232,133.8860726,8.361618179,"32","11"
"species",45,45,126.991652564033,1153.82613274958,26,1.511478024,28.4208772,5.099162657,"32","11"
"species",46,46,130.425886106284,2370.67806687781,32,0,105.3622251,0,"31","18"
"species",47,47,103.373698840999,1901.74527389555,32.8341520347022,0,59.47862289,0,"32","18"
"species",48,48,117.915686587894,1106.83137317579,22.9782645109702,8.105755326,35.03618984,3.452087216,"32","18"
"species",49,49,121.736990443349,1080.92739052956,30,2.60634297,37.67267013,6.838866456,"32","18"
"species",50,50,113.911244073837,1906.6976348023,34.0834832459941,0,59.47862289,0,"32","18"
"species",51,51,108.139478998214,1182.71243321328,26.8519122114897,6.170248522,215.1429872,21.43908441,"32","18"
"species",52,52,98.9102694437774,1874.91481871566,32.2147883598102,0,72.19790701,0,"32","18"
"species",53,53,125.040225860369,1125.82434886439,23.5549549257386,8.105755326,35.03618984,3.452087216,"31","18"
"species",54,54,120.274572504119,1110.8872993514,30.9338235139432,11.55456314,75.71410269,16.27376614,"32","18"
"species",55,55,124.037374904057,1033.28730412431,31.6728272665818,1.500546841,37.81767443,4.921665901,"32","18"
"species",56,56,87.8146837005658,1059.39984101329,22.0847857170496,1.511478024,28.4208772,5.099162657,"32","11"
"species",57,57,119.483896953757,1210.57551844047,24.9083785132825,8.105755326,35.03618984,3.452087216,"33","18"
"species",58,58,116.827633921031,1206.91237907093,24,8.105755326,35.03618984,3.452087216,"33","11"
"species",59,59,123.469738942984,1196.24837403301,28.1638921083405,6.170248522,215.1429872,21.43908441,"31","18"
"species",60,60,114.880750549129,1114.26416001724,27,6.170248522,215.1429872,21.43908441,"31","11"
"species",61,61,115.821358028119,1214.31168789483,24.7074724891186,8.105755326,35.03618984,3.452087216,"33","18"
"species",62,62,114.760028477648,1178.52361693238,24.6938526226903,8.105755326,35.03618984,3.452087216,"32","18"
"species",63,63,123.83973858784,1081.43176289397,30.5412867230081,2.60634297,37.67267013,6.838866456,"32","18"
"species",64,64,121.495949865243,1205.3537526572,27.6758297561598,6.170248522,215.1429872,21.43908441,"31","18"
"species",65,65,107.598659651317,1099.2570638298,21.9557985128883,8.105755326,35.03618984,3.452087216,"32","11"
"species",66,66,110.398247865152,1018.74121937946,22.6812943854638,58.4723768,7.320391572,28.12153046,"31","18"
"species",67,67,87.6114465318736,1223.77710693625,23,8.105755326,35.03618984,3.452087216,"32","11"
"species",68,68,99.910663211633,1210.08933678837,24.9821326423266,11.93871518,123.7871274,5.903766743,"32","18"
"species",69,69,123.805586254146,1119.60460507006,27,6.170248522,215.1429872,21.43908441,"31","18"
"species",70,70,99.4294198602428,1203.78529006988,24,8.105755326,35.03618984,3.452087216,"32","18"
"species",71,71,110.540744104722,1259,25,2.924118232,133.8860726,8.361618179,"33","18"
"species",72,72,98.8664591546759,2152.61733095897,32.3001433829954,0,91.82168678,0,"32","13"
"species",73,73,128.427683150434,1036.47589438348,29,2.60634297,37.67267013,6.838866456,"31","11"
"species",74,74,136.723598367012,735.35636785142,30.074506522752,48.05322131,6.004509926,5.240878011,"31","13"
"species",75,75,138.293815026214,1428.39665033751,30.3033897234074,34.46662462,11.40561204,30.23207331,"31","18"
"species",76,76,121.845407475439,2478.06078924577,31.7521388929685,0,90.43422982,0,"32","18"
"species",77,77,138.109079133138,829.665043450299,27,36.73246483,7.237559382,26.88021893,"31","13"
"species",78,78,130.267116497258,2276.55143821528,32.3355401956881,0,69.30376574,0,"31","18"
"species",79,79,130.748845861088,2196.21131517642,33,0,69.30376574,0,"33","18"
"species",80,80,129.754187064317,2350.334913359,31.9160478668419,0,194.4239437,0,"31","18"
"species",81,81,131.839577956519,1361.77410572243,29.4732629927532,21.70710799,6.043681012,9.739136656,"31","18"
"species",82,82,129.334186023401,2496.97721527679,32,0,194.4239437,0,"31","18"
"species",83,83,146.990555375286,933.310474562206,27.5261233944269,23.89748014,23.86313203,45.86903182,"33","18"
"species",84,84,105.078992625305,2206.31367985927,32.6058957536055,0,45.54624431,0,"32","18"
"species",85,85,121.2054188121,2286.6611795062,32.9643331180882,0,122.6817566,0,"31","11"
"species",86,86,138.909260721068,786.983119451181,27.9447974006111,25.95802664,0,9.768812952,"31","13"
"species",87,87,138.876133324796,787.009689186174,26.2271466762407,58.39228437,13.61861029,41.98948722,"31","13"
"species",88,88,152.010564651059,739.30047325509,27.4102722490734,58.39228437,13.61861029,41.98948722,"31","18"
"species",89,89,132.376114956446,1446.26934356258,29.9575001874808,34.46662462,11.40561204,30.23207331,"31","12"
"species",90,90,131.31442999122,2028.83962918156,32.6715514067618,0,60.24209686,4.035398425,"32","18"
"species",91,91,132.695934916365,899.015164847517,27.9101590130304,27.00672829,9.836987784,5.031787593,"31","11"
"species",92,92,149.251359653785,768.671833539734,25.0052067158365,24.10430486,10.37656872,60.73339464,"31","18"
"species",93,93,151.138166345305,758.275477308598,25.6451053242443,24.10430486,10.37656872,60.73339464,"31","18"
"species",94,94,156.390340811531,765.773635637635,26.6252561667685,51.28501345,0,76.99634961,"31","18"
"species",95,95,136.560579083283,2370.81330669491,32,0,194.4239437,0,"32","18"
"species",96,96,132.163103823973,1604.49342992888,30.4411789813304,35.04557233,34.11215635,42.60301672,"32","13"
"species",97,97,121.699553717163,1922.10122766559,33.3248787900186,0.28148691,27.71730315,2.140618419,"32","11"
"species",98,98,131.179761316986,792.276896883125,28.4042122019903,43.09401964,3.291684299,11.34326558,"31","12"
"species",99,99,147.387407860051,771.652129757538,25.348721490684,24.10430486,10.37656872,60.73339464,"33","12"
"species",100,100,124.755131675002,882.187574317973,27.4503042857414,30.18818188,28.25801849,15.04767058,"31","18"
"species",101,101,151.663376902631,801.774465966181,26,82.84455655,0,106.3904331,"31","18"
"species",102,102,146.10954139478,779.210518884239,25.3309860857323,24.10430486,10.37656872,60.73339464,"31","18"
"species",103,103,125.159193926801,2050.81360055256,32.789426143465,0.28148691,27.71730315,2.140618419,"32","18"
"species",104,104,131.788975331097,814.842598168188,25.615855842658,58.39228437,13.61861029,41.98948722,"31","13"
"species",105,105,120.19346733536,2089.34031556051,32.0329689410804,0.28148691,27.71730315,2.140618419,"32","11"
"species",106,106,147.749245464534,771.471388727435,25.1637733257352,24.10430486,10.37656872,60.73339464,"31","18"
"species",107,107,153.354516663872,749.709959560313,26.4640681587073,24.10430486,10.37656872,60.73339464,"32","18"
"species",108,108,152.402863140606,753.396676650988,26.7295436437592,24.10430486,10.37656872,60.73339464,"31","18"
"species",109,109,134.403599549918,828.72575341405,33.7026816422861,0.280180551,22.55660234,0,"32","11"
"species",110,110,119.198050357369,2313.10340661347,32.7725981478203,0,122.6817566,0,"31","18"
"species",111,111,152.486543612212,754.014749671001,27,20.54222974,10.26753813,59.77728131,"31","18"
"species",112,112,144.594824669,1326.13527415318,31.624217723006,7.12309983,6.128613304,38.92765714,"33","13"
"species",113,113,123.62474964137,2294.85059434721,32.996895096065,0,122.6817566,0,"31","18"
"species",114,114,112.822786246446,2330.1244511463,32,0,88.5743588,0,"32","18"
"species",115,115,120.344321330533,2307.76577038932,33.1514209085329,0,70.82162147,0,"31","18"
"species",116,116,122.674031956465,2105.6795739138,31.1860035507183,0,60.24209686,4.035398425,"32","18"
"species",117,117,103.837633531763,2145.425620496,33.2553484817438,0,129.495415,0,"32","18"
"species",118,118,129.011414683661,2096.93531217873,32,0,60.24209686,4.035398425,"32","18"
"species",119,119,125.398519146567,2332.47220141421,33.9046827533141,0,135.4030123,0,"32","18"
"species",120,120,109.696324941779,2641.14409599918,33.1217066273459,0,70.63825139,0,"32","11"
"species",121,121,102.497035685876,2599.29040772528,32.6250572211724,0,70.63825139,0,"32","18"
"species",122,122,125.044269121313,1870.73907722669,36.1466961044078,0,70.82162147,0,"32","18"
"species",123,123,126.304467564939,2022.340655326,32.3740427748046,0.28148691,27.71730315,2.140618419,"31","18"
"species",124,124,135.847868452951,1925.53215206835,33.8022438495316,0.28148691,27.71730315,2.140618419,"31","18"
"species",125,125,126.594206515438,1739.50866927506,34,0.28148691,27.71730315,2.140618419,"31","18"
"species",126,126,124.082891768668,2144.33183531098,32.1439618462101,0,60.24209686,4.035398425,"32","18"
