"species","x","y","bio10_16","bio12_16","bio15_16","moose2015","red_deer2015","roe_deer2015","Forest_Type","Forest_Productivity"
"species",1,1,99.9394821880505,522.960687352168,26,4.76085459,0,0,"33","12"
"species",2,2,103.555653608698,502.764796841187,28,2.191534875,0,0,"32","11"
"species",3,3,106.50182025147,541.171958321711,18.9411672017116,2.886409739,0,0,"32","11"
"species",4,4,132.503709965767,617.970325756941,35.746909275707,37.26472623,6.826104475,2.178108487,"31","13"
"species",5,5,140.157324652535,755.803267181397,29.8611725172838,25.08547726,5.882198662,0,"31","12"
"species",6,6,131.919690331454,670.322106881244,35.6488340572457,57.6378679,5.623193259,2.560358706,"31","18"
"species",7,7,105.585786264915,998.289027829278,24.3623863930457,13.77212177,0,0,"32","18"
"species",8,8,99.251623325616,532.069442497145,26,4.76085459,0,0,"33","12"
"species",9,9,106.500807780451,551.06263517704,18,2.886409739,0,0,"32","11"
"species",10,10,106.477301654595,581.914698575682,46.7836007682054,15.86785116,0,1.845755321,"31","12"
"species",11,11,140.776112516874,773.603104735106,27,44.05497245,6.614368484,22.79335791,"31","13"
"species",12,12,109,535.691697680089,19,2.886409739,0,0,"31","12"
"species",13,13,106.850293929001,514.910905208466,26,4.76085459,0,0,"31","12"
"species",14,14,99.4854939622823,526.963534976576,26,4.76085459,0,0,"31","12"
"species",15,15,117.988144517276,638.475715625173,39.4282936942774,78.58042817,5.071184952,4.408980682,"31","18"
"species",16,16,106.184834256399,1171.99700694226,26.9190957827859,17.92001038,0,0,"32","13"
"species",17,17,130.802357998879,1202.61133411231,23,23.63257344,1.065077013,2.791286503,"31","12"
"species",18,18,124.094077722856,865.263813024807,29.2158168782298,34.25057033,13.40190923,2.936689407,"31","18"
"species",19,19,91.2087958755297,823.091236463577,28.0412660750308,15.11043496,1.843373575,0.778437432,"31","13"
"species",20,20,118.3895253266,1441.12471543806,27.9820273163617,21.70710799,6.043681012,9.739136656,"31","12"
"species",21,21,98.6319308046452,1349.17156738552,29.7643094755909,0.94939165,34.07494816,0,"31","11"
"species",22,22,134.669354311812,670.999457878125,36.0183993227813,57.6378679,5.623193259,2.560358706,"31","18"
"species",23,23,145.943112368387,584.102613017998,39.0838783615407,73.34505261,0.606095319,10.79659412,"31","18"
"species",24,24,116.655311064332,540.786038808138,45.1442561284297,19.65079791,2.607823693,0.963929762,"31","13"
"species",25,25,116.800058389525,574.903721673272,44.1619454550935,38.865594,2.40851599,1.001091991,"31","12"
"species",26,26,124.504720036197,551.761397614823,44.1621879432506,38.865594,2.40851599,1.001091991,"31","13"
"species",27,27,104,634.923861703541,37,23.67677851,4.092707338,3.811278357,"31","12"
"species",28,28,130.094447782136,606.35527672659,40,48.81981365,2.860633235,1.919436692,"31","18"
"species",29,29,149.881268884972,804.599521668492,25.0184357579748,69.53884645,0,31.96862846,"31","18"
"species",30,30,105.369454656565,674.518394700303,32.2464220192288,21.44220167,7.391513063,4.110154002,"32","11"
"species",31,31,100.614347863159,596.751507126557,40.0237652683381,17.05337136,2.297010785,3.05847174,"31","11"
"species",32,32,127.358860171977,557.233703848524,44,38.865594,2.40851599,1.001091991,"31","13"
"species",33,33,131.781672530938,628.733449770826,38,42.74220442,4.374857889,2.362380532,"31","13"
"species",34,34,122.727625362804,529.189765669352,45.082608967844,19.65079791,2.607823693,0.963929762,"31","13"
"species",35,35,125.796723763388,525.203276236612,45.7697743928153,19.65079791,2.607823693,0.963929762,"31","13"
"species",36,36,147.782327581668,753.170593174828,27.5278801044728,27.53508285,8.568839358,31.79996258,"31","13"
"species",37,37,138.794476090508,781.559751940884,27,44.05497245,6.614368484,22.79335791,"31","13"
"species",38,38,117.053467664113,1852.55871962471,23.8864098844593,16.1809938,0,103.7420711,"31","11"
"species",39,39,131.313197737945,650.040917176416,35.0380928734759,35.72380336,8.923438758,2.311630946,"31","13"
"species",40,40,120.50826661113,677.674287087829,34.4336681670414,35.72380336,8.923438758,2.311630946,"31","13"
"species",41,41,134.769764032604,646.071486967382,35.149919729852,35.72380336,8.923438758,2.311630946,"31","13"
"species",42,42,105.699527775979,524.622958129178,25.5200582106487,4.76085459,0,0,"31","12"
"species",43,43,104.847384363228,579.799941517965,41,19.26835612,0,2.261500814,"31","13"
"species",44,44,116.058954483744,626.780235928154,38.3148978757019,37.06402126,6.487973454,3.397277381,"31","13"
"species",45,45,138.409872666828,648.770381999515,35.4098726668282,51.96652046,1.620688141,4.13989386,"31","13"
"species",46,46,117.939492369334,670.888039597366,31.4238935861263,21.44220167,7.391513063,4.110154002,"33","12"
"species",47,47,147.533011888664,804.356145213589,25.1300781838199,69.53884645,0,31.96862846,"31","13"
"species",48,48,124.372078432074,628.709509602621,39,47.04794055,7.578866015,6.142455744,"31","13"
"species",49,49,119.288609872371,928.730034235337,23.8724852497233,79.89208961,1.335197374,31.0221955,"31","13"
"species",50,50,120.545488892828,862.09497119432,24.5742566934439,91.59537109,0.841762109,20.5676583,"31","12"
"species",51,51,120.656983847916,1507.18141558358,25.9331052210306,13.38493118,0.319248251,0,"31","13"
"species",52,52,139,564.788166816148,41.0284685187927,48.81981365,2.860633235,1.919436692,"31","12"
"species",53,53,127.843806911254,1225.49791751548,22.544292230099,23.63257344,1.065077013,2.791286503,"31","12"
"species",54,54,106.997545499526,1221.51630286171,26.7578372882982,22.94391661,0,0,"31","11"
"species",55,55,94.8104771347103,533.293591349227,26,4.76085459,0,0,"33","11"
"species",56,56,106.979500527318,604.368265995154,24.2486145453284,17.34288675,0,0,"31","13"
"species",57,57,107.333223268875,601.518643588698,24,17.34288675,0,0,"32","13"
"species",58,58,108.165835217476,626.436435780075,26,17.34288675,0,0,"32","13"
"species",59,59,100.356075440781,525.772751626565,24,3.721849252,0,0,"32","11"
"species",60,60,133.145787208232,577.488378577808,41.3170828930203,48.81981365,2.860633235,1.919436692,"31","18"
"species",61,61,130.956322893048,575.39634595731,42,48.81981365,2.860633235,1.919436692,"31","18"
"species",62,62,132.563879125532,570.805927061069,42.6363532560583,48.81981365,2.860633235,1.919436692,"31","18"
"species",63,63,128.751071566959,789.429166536043,29.5237618661548,25.08547726,5.882198662,0,"31","18"
"species",64,64,105.181447161878,491.864934933428,25,3.721849252,0,0,"31","12"
"species",65,65,106.14518750543,519.062268819315,25.2811205238143,4.76085459,0,0,"31","12"
"species",66,66,131.474396625118,577.004795819606,42.5069358517586,48.81981365,2.860633235,1.919436692,"31","18"
"species",67,67,122.762485306787,629.042768311112,39,47.04794055,7.578866015,6.142455744,"31","13"
"species",68,68,123.623461063613,625.221037612807,39.0439740789428,78.58042817,5.071184952,4.408980682,"31","18"
"species",69,69,115.536748857051,591.528005453326,41,38.865594,2.40851599,1.001091991,"31","13"
"species",70,70,123.520349148838,596.753222263301,42,48.81981365,2.860633235,1.919436692,"31","13"
