"species","x","y","bio10_16","bio12_16","bio15_16","moose2015","red_deer2015","roe_deer2015","Forest_Type","Forest_Productivity"
"species",1,1,147.103164064193,773.438206842102,25.5975548690279,29.5017962,11.23117536,77.28137495,"31","13"
"species",2,2,144.608217422752,786.198288766745,25.3575224703893,24.10430486,10.37656872,60.73339464,"31","13"
"species",3,3,138.087101756717,809.090641982157,24.4671737051724,24.10430486,10.37656872,60.73339464,"31","11"
"species",4,4,155.678934865817,760.389266800901,27,42.73592039,0,43.93649877,"31","18"
"species",5,5,146.73691165947,894.866187988817,27.4355620547603,8.986825974,5.328123385,43.19049243,"31","18"
"species",6,6,143.227665835278,803.847586796953,26.54746274905,25.95802664,0,9.768812952,"31","18"
"species",7,7,132.042322842237,882.836010536191,27.458115244159,27.00672829,9.836987784,5.031787593,"31","12"
"species",8,8,148.565651679495,749.828473125486,28.2098733699348,42.3937797,3.046792248,27.21135526,"31","13"
"species",9,9,151.748371382987,745.134617810432,28.7233983150147,14.4730961,0,24.17657341,"31","18"
"species",10,10,148.23590648418,760.317671575711,28.0753430950039,14.4730961,0,24.17657341,"31","18"
"species",11,11,148.003513516595,893.498420019369,28,8.986825974,5.328123385,43.19049243,"31","18"
"species",12,12,152.796829484183,748.183246792874,26.2706263965706,28.31384118,2.682683834,71.77863918,"31","18"
"species",13,13,141.909419605247,790.50133317946,25.9094196052465,45.48785783,33.89613967,19.91579349,"31","13"
"species",14,14,127.647282237139,898.145570106215,26.9737354164436,27.00672829,9.836987784,5.031787593,"31","13"
"species",15,15,149.419236204845,769.818003597925,25.3691116141861,24.10430486,10.37656872,60.73339464,"31","18"
"species",16,16,146.126194213998,764.776434354624,28.0761137465185,14.4730961,0,24.17657341,"31","13"
"species",17,17,142.233419473247,1302.65186432613,30,36.34237141,3.296045727,10.23633018,"31","13"
"species",18,18,142.508929130229,1026.18260540937,27,23.89748014,23.86313203,45.86903182,"31","18"
"species",19,19,149.491304224452,969.227701192357,28,22.01528898,3.277682184,66.32319669,"31","13"
"species",20,20,147.475527192904,765.723906459353,25.1733425032599,45.48785783,33.89613967,19.91579349,"31","18"
"species",21,21,139.977265307107,799.905787519423,25,24.10430486,10.37656872,60.73339464,"31","13"
"species",22,22,147.782327581668,753.170593174828,27.5278801044728,27.53508285,8.568839358,31.79996258,"31","13"
"species",23,23,133.385165222294,2365.62032932146,32.2059351457451,0,90.43422982,0,"31","18"
"species",24,24,140.312977333583,797.462952472177,25,24.10430486,10.37656872,60.73339464,"31","18"
"species",25,25,152.159134912967,761.435504740106,26.7134919537609,20.54222974,10.26753813,59.77728131,"31","18"
"species",26,26,148.379461737814,774.105114744887,26.1384266755896,20.54222974,10.26753813,59.77728131,"31","18"
"species",27,27,150.635210366435,755.627670979512,28,14.4730961,0,24.17657341,"31","13"
"species",28,28,144.586366218695,772.81153349657,26.7614582485345,8.23719688,0,49.22957768,"31","18"
"species",29,29,137.705851403183,1966.81149477026,32,0,294.5806414,0,"31","18"
"species",30,30,127.392675665266,2453.30638467013,32.1229396128134,0,90.43422982,0,"32","18"
"species",31,31,140.023417836487,800.847184910447,25,44.59782894,19.34093499,11.58562987,"31","13"
"species",32,32,138.09222452974,2159.30078572957,32,0,105.3622251,0,"31","18"
"species",33,33,150.440244111149,766.062204567782,26.3523915201944,20.54222974,10.26753813,59.77728131,"31","18"
"species",34,34,153.832570270507,757.021921045999,26.3238989359868,20.54222974,10.26753813,59.77728131,"31","18"
"species",35,35,147.282581135046,761.873142920221,27.9800784078585,42.3937797,3.046792248,27.21135526,"31","18"
"species",36,36,132.95039377545,2239.50968584495,32,0,105.3622251,0,"31","18"
"species",37,37,148.63737179015,769.948846223926,26,24.10430486,10.37656872,60.73339464,"33","13"
"species",38,38,144.813241593295,781.606964821791,25.4477839884094,44.59782894,19.34093499,11.58562987,"31","13"
"species",39,39,136.512511549868,2287.1524220306,32,0,90.43422982,0,"31","18"
"species",40,40,148.976568298803,751.2744160323,27,27.53508285,8.568839358,31.79996258,"31","13"
"species",41,41,160.441238471642,728.499889935812,27,27.68398353,1.196552337,71.68308878,"31","13"
"species",42,42,156.446528243068,762.148073463351,27.1490893523106,50.54217048,0,48.52011888,"31","12"
"species",43,43,160.748072569145,737.957126409396,26,32.74919234,0,95.35268329,"31","11"
"species",44,44,153.227194666731,758.420417291168,27.1106848501865,31.85973964,0,56.85620261,"31","18"
"species",45,45,142.981180344045,791.995310895964,26,36.73246483,7.237559382,26.88021893,"31","18"
"species",46,46,151.138166345305,758.275477308598,25.6451053242443,24.10430486,10.37656872,60.73339464,"31","18"
"species",47,47,150.927809030767,959.991119678069,28,22.01528898,3.277682184,66.32319669,"31","13"
"species",48,48,154.610561353705,755.184454821888,27.4941929644342,20.54222974,10.26753813,59.77728131,"31","18"
"species",49,49,149.162199082064,767.410175171348,26,24.10430486,10.37656872,60.73339464,"31","18"
"species",50,50,152.801708636535,764.322431719251,27,20.54222974,10.26753813,59.77728131,"31","18"
"species",51,51,144.99926695326,772.991956465948,26,24.58877016,2.44068029,36.73323262,"31","13"
"species",52,52,135.679289128463,1721.7938537544,30.6155897197693,23.91464734,22.28369529,15.85436311,"31","11"
"species",53,53,117.246531566946,1821.08853447676,33,0,115.2749589,23.30587761,"31","18"
"species",54,54,118.939076397502,1633.8467441556,28.8801239468332,32.1551517,12.60185313,10.94655331,"31","11"
"species",55,55,142.709270905032,797.271297147191,25.1206697860218,44.59782894,19.34093499,11.58562987,"31","11"
"species",56,56,152.908911552647,724.844447953006,29.0286395819467,47.98495095,9.125587817,25.0920897,"31","13"
"species",57,57,151.312089381163,756.472644151281,26.3882554914789,28.31384118,2.682683834,71.77863918,"31","18"
"species",58,58,134.456803304107,1568.18348112674,30.3496332689249,35.04557233,34.11215635,42.60301672,"32","18"
"species",59,59,127.973403559588,801.581122508967,26.7929012133213,45.5486725,2.225169257,8.847710058,"31","12"
"species",60,60,139.486168132651,774.073356040622,27,45.5486725,2.225169257,8.847710058,"31","13"
"species",61,61,145.093398230136,764.6111418646,26.9773227141016,58.39228437,13.61861029,41.98948722,"31","12"
"species",62,62,156.4001462423,738.963027544704,26.73335770705,24.10430486,10.37656872,60.73339464,"31","18"
"species",63,63,130.821407379301,1776.08925974589,30.6467130910762,19.6745604,7.970726853,11.62623773,"32","18"
"species",64,64,150.495752751827,781.66630311797,27,31.62871311,23.37839451,54.23981139,"31","13"
"species",65,65,131.788975331097,814.842598168188,25.615855842658,58.39228437,13.61861029,41.98948722,"31","13"
"species",66,66,153.243382177144,765.235819553676,27,42.73592039,0,43.93649877,"31","12"
"species",67,67,137.36891286812,780.915270116464,28,42.3937797,3.046792248,27.21135526,"33","13"
"species",68,68,133.08760322967,1384.81049073687,29.0876032296696,26.99099079,2.804594974,21.69056293,"31","13"
"species",69,69,141.990320895948,772.334112203743,27,44.05497245,6.614368484,22.79335791,"31","13"
"species",70,70,160.502971698693,741.497028301307,26,38.26220221,0,83.33274881,"31","12"
"species",71,71,150.556486099064,762.035172179739,26.2999542032516,44.59782894,19.34093499,11.58562987,"33","13"
"species",72,72,152.486332560155,766.149978372451,26.3307625534268,31.62871311,23.37839451,54.23981139,"31","13"
"species",73,73,134.726700442402,770.138890465106,28.2339481441902,45.5486725,2.225169257,8.847710058,"31","13"
"species",74,74,153.167277033601,753.258469711047,26.4253667536425,20.54222974,10.26753813,59.77728131,"31","18"
"species",75,75,138.842865277066,781.81033448669,27,42.3937797,3.046792248,27.21135526,"31","18"
"species",76,76,135.126925373015,1631.98459701588,32,0,66.76580688,0,"31","11"
"species",77,77,145.027732706699,772.869015659538,26.0011737818986,58.39228437,13.61861029,41.98948722,"31","13"
"species",78,78,134.852960969069,815.892937220146,27.0688997720356,39.16085693,12.66476322,13.14550659,"31","12"
"species",79,79,121.561864714918,1296.17976809134,27,27.35781214,12.85547962,18.11957477,"31","11"
"species",80,80,144.2892670966,1293.79289919299,30,19.11748049,24.86211893,48.47216146,"31","12"
"species",81,81,148.186872409244,769.940995143218,26,28.31384118,2.682683834,71.77863918,"31","18"
"species",82,82,119.404244382341,2371.84303751382,33,0,135.4030123,0,"31","11"
"species",83,83,146.258034594378,769.468025026398,27.7589580926691,14.4730961,0,24.17657341,"31","18"
"species",84,84,148.341763452141,767.048146999274,25.3417634521405,29.5017962,11.23117536,77.28137495,"31","18"
"species",85,85,116.349122582992,1875.08921348577,30.1518975238441,7.143408773,2.660643649,3.604791242,"31","11"
"species",86,86,148.568499293102,767.710965770852,25.9179171507788,24.10430486,10.37656872,60.73339464,"31","18"
"species",87,87,131.855939008887,1657.11050961783,32,0,66.76580688,0,"31","11"
"species",88,88,139.560829874338,826.376014179704,26.3042596876377,36.73246483,7.237559382,26.88021893,"31","13"
"species",89,89,146.627102404247,774.68574080377,25.063374907678,24.10430486,10.37656872,60.73339464,"31","12"
"species",90,90,148.847850231584,867.07656016806,27.5141713461069,8.986825974,5.328123385,43.19049243,"31","13"
"species",91,91,153.354516663872,749.709959560313,26.4640681587073,24.10430486,10.37656872,60.73339464,"32","18"
"species",92,92,142.31443340315,924.322622055574,26.1096116217911,8.986825974,5.328123385,43.19049243,"31","13"
"species",93,93,140.361972558478,840.154032842794,27.0953293018619,27.00672829,9.836987784,5.031787593,"31","13"
"species",94,94,150.958870768275,759.592865288173,25.9455353632973,24.10430486,10.37656872,60.73339464,"31","18"
"species",95,95,150.273756323941,762.442261412014,25.935596257339,24.10430486,10.37656872,60.73339464,"31","18"
"species",96,96,150.865734473855,792.76681850195,27,31.62871311,23.37839451,54.23981139,"31","13"
"species",97,97,148.568314548359,796.494531424627,27,31.62871311,23.37839451,54.23981139,"31","13"
"species",98,98,141.225403723727,797.981387430092,25,24.10430486,10.37656872,60.73339464,"31","12"
"species",99,99,132.540637138899,824.027824550664,27,39.16085693,12.66476322,13.14550659,"31","11"
"species",100,100,149.224573446586,767.138419490301,25.8596082820629,24.10430486,10.37656872,60.73339464,"31","18"
"species",101,101,126.022657678028,848.693704626685,26.3370854907347,39.16085693,12.66476322,13.14550659,"31","11"
"species",102,102,149.254892163144,765.182009654222,25.9170332535641,29.5017962,11.23117536,77.28137495,"32","18"
"species",103,103,148.791983464179,765.052255735956,25.6919093376198,24.58877016,2.44068029,36.73323262,"31","18"
"species",104,104,148.27669891109,740.987785468716,28.2127831518483,47.98495095,9.125587817,25.0920897,"31","18"
"species",105,105,142.239904084778,850.211783411245,27,29.46682025,13.13958428,33.29227205,"31","13"
"species",106,106,119.595792427272,1976.21262271818,31,0,141.1877689,16.43710807,"31","18"
"species",107,107,148.73504555011,762.634178969655,26,24.58877016,2.44068029,36.73323262,"31","13"
"species",108,108,151.253169595492,770.290727229314,26.2581454458627,31.62871311,23.37839451,54.23981139,"31","13"
"species",109,109,145.883166618316,774.899797866045,27.0998809009399,8.23719688,0,49.22957768,"31","11"
"species",110,110,141.880239215657,1512.80185405993,30.8846034538934,35.04557233,34.11215635,42.60301672,"32","18"
"species",111,111,145.842081196971,811.567952397364,25.6439798408274,36.44325739,0,57.33004867,"31","13"
"species",112,112,156.639698131171,734.350291382209,26.9808527049166,28.31384118,2.682683834,71.77863918,"31","18"
"species",113,113,146.10954139478,779.210518884239,25.3309860857323,24.10430486,10.37656872,60.73339464,"31","18"
"species",114,114,129.517535552801,1947.36159054807,32.0671041487114,0,141.1877689,16.43710807,"32","18"
"species",115,115,149.34939042114,796.173323748981,27,31.62871311,23.37839451,54.23981139,"31","13"
"species",116,116,139.902921147274,770.975990332918,28.5716705288491,41.46017928,8.191929972,30.12976851,"31","13"
"species",117,117,150.443911685744,758.534464109505,26,24.10430486,10.37656872,60.73339464,"31","18"
"species",118,118,147.77053599081,765.398439664293,27.1035871970213,8.23719688,0,49.22957768,"31","18"
"species",119,119,144.778911363572,1393.67101608061,31.922243120189,15.51480672,5.791799129,91.71451497,"32","18"
"species",120,120,125.895294643938,1795.82882870068,30,23.91464734,22.28369529,15.85436311,"31","11"
"species",121,121,151.995531284004,754.826533363269,25.9696777984305,24.10430486,10.37656872,60.73339464,"31","18"
"species",122,122,147.451333837818,769.623001008925,25.7674967943683,24.10430486,10.37656872,60.73339464,"31","18"
"species",123,123,147.163879283298,775.367549258693,25,24.10430486,10.37656872,60.73339464,"31","11"
"species",124,124,156.440129238399,731.032494210896,26.9603055878319,28.31384118,2.682683834,71.77863918,"31","18"
"species",125,125,124.208104207073,1158.70061198919,27.7271192010271,6.170248522,215.1429872,21.43908441,"31","18"
"species",126,126,114.779447281664,1543.20880461157,31.9479101304304,0,149.1722764,11.5865529,"32","18"
"species",127,127,111.719406915155,1545.25505258511,31.3398015152078,0,149.1722764,11.5865529,"32","18"
"species",128,128,109.781734523587,1570.46002852517,31.5936365213352,0,149.1722764,11.5865529,"32","13"
"species",129,129,116.723616815637,1523.84414753644,31.8567819339917,0,149.1722764,11.5865529,"31","18"
"species",130,130,152.920956436834,748.790981736225,26.4230915237861,28.31384118,2.682683834,71.77863918,"31","18"
"species",131,131,114.253063963951,2443.15101867225,33,0,135.4030123,0,"32","11"
"species",132,132,136.441066910695,784.747195965833,28,42.3937797,3.046792248,27.21135526,"31","13"
"species",133,133,139.653957712061,773.538969758119,28,42.3937797,3.046792248,27.21135526,"31","13"
"species",134,134,140.440220842295,779.773119806598,27,27.53508285,8.568839358,31.79996258,"31","12"
"species",135,135,144.555035578295,765.344883442391,26.9436816647666,27.53508285,8.568839358,31.79996258,"31","13"
"species",136,136,149.79026133958,758.079365815109,28,14.4730961,0,24.17657341,"31","18"
"species",137,137,153.97080904718,727.965029828724,28.4034082917784,44.05497245,6.614368484,22.79335791,"31","13"
"species",138,138,140.54838308321,794.769347886908,25.0277314300803,45.48785783,33.89613967,19.91579349,"31","13"
"species",139,139,151.287862903147,759.412927112392,26,28.31384118,2.682683834,71.77863918,"31","18"
"species",140,140,152.380352856517,752.34235446792,26,66.99028899,10.03937061,122.8613909,"31","18"
"species",141,141,141.249312201336,781.352115702288,27.9188680317762,25.95802664,0,9.768812952,"31","18"
"species",142,142,143.531363376999,789.996691038266,26,36.73246483,7.237559382,26.88021893,"31","18"
"species",143,143,149.242154687535,770.652458593627,26,27.68398353,1.196552337,71.68308878,"31","18"
"species",144,144,131.27845172966,1750.48853895214,30.2817381102057,23.91464734,22.28369529,15.85436311,"31","11"
"species",145,145,138.495963307077,782.582777678748,27,44.05497245,6.614368484,22.79335791,"31","13"
"species",146,146,145.717412372222,778.505595752168,25.4327870433818,24.10430486,10.37656872,60.73339464,"31","12"
"species",147,147,135.870695347547,789.218512562543,26.9353476737733,47.98495095,9.125587817,25.0920897,"31","12"
"species",148,148,132.163103823973,1604.49342992888,30.4411789813304,35.04557233,34.11215635,42.60301672,"32","13"
"species",149,149,156.096199565146,733.30959673879,27,28.31384118,2.682683834,71.77863918,"31","13"
"species",150,150,144.945059696269,782.250595431003,25.1496910581878,24.10430486,10.37656872,60.73339464,"31","18"
"species",151,151,157.042122578294,741.45660756342,26,4.765064181,3.724718051,114.1932896,"31","18"
"species",152,152,143.837749503274,781.588488979705,26,45.48785783,33.89613967,19.91579349,"31","13"
"species",153,153,111.658580060626,2803.3768339751,32.8369105945827,0,25.17221305,0,"32","11"
"species",154,154,122.349109420781,1623.82465296679,33,0,149.1722764,11.5865529,"31","18"
"species",155,155,119.968079266584,1654.18122142657,34.1166315407823,0,59.47862289,0,"32","18"
"species",156,156,137.764633320648,784.050801870702,27.3216741410293,42.3937797,3.046792248,27.21135526,"31","18"
"species",157,157,132.838824524834,797.626671466776,27.330604152353,42.3937797,3.046792248,27.21135526,"31","13"
"species",158,158,141.773515813391,772.937318105527,27.207684048794,27.53508285,8.568839358,31.79996258,"31","13"
"species",159,159,134.468972575203,794.644462688249,27,42.3937797,3.046792248,27.21135526,"31","18"
"species",160,160,141.854030725973,770.536949748247,27.8642772587039,42.3937797,3.046792248,27.21135526,"31","18"
"species",161,161,138.022116025784,785.838612700446,27,42.3937797,3.046792248,27.21135526,"31","18"
"species",162,162,140.842912926761,780.978688358214,26.4073133617925,58.39228437,13.61861029,41.98948722,"31","12"
"species",163,163,133.135320689096,803.333701937629,27.0577615942521,25.95802664,0,9.768812952,"31","13"
"species",164,164,138.685912772187,786.71688196034,27.3639115619109,14.4730961,0,24.17657341,"31","13"
"species",165,165,146.903503776137,684.83079341404,31.2770871503351,47.54749112,7.159377437,31.17824254,"31","18"
"species",166,166,142.585009304808,779.624939984594,27.148738077358,8.23719688,0,49.22957768,"31","13"
"species",167,167,138.110580594131,812.321965186709,26.2032975938192,23.87814493,0,26.38952649,"31","13"
"species",168,168,158.981004840861,747.003489299204,27,50.54217048,0,48.52011888,"31","12"
"species",169,169,138.307987919051,792.835123391978,27,14.4730961,0,24.17657341,"31","13"
"species",170,170,144.200190333475,685.18910932077,32,47.54749112,7.159377437,31.17824254,"31","18"
"species",171,171,147.92591837603,944.861754981898,27,22.01528898,3.277682184,66.32319669,"31","11"
"species",172,172,143.714356237204,778.634638166527,27,8.23719688,0,49.22957768,"31","18"
"species",173,173,137.088949609148,809.759467610528,27,25.95802664,0,9.768812952,"31","13"
"species",174,174,147.364629005033,768.139926498897,26.4627758714339,24.58877016,2.44068029,36.73323262,"31","13"
"species",175,175,151.669114316974,737.112254813208,29,42.3937797,3.046792248,27.21135526,"31","18"
"species",176,176,145.113264861445,758.927676976315,28.1387230177139,42.3937797,3.046792248,27.21135526,"31","12"
"species",177,177,152.191648041273,728.35541722533,28.4062785081567,47.98495095,9.125587817,25.0920897,"31","18"
"species",178,178,158.09401774438,748.045766284802,27.3879425023255,50.54217048,0,48.52011888,"31","11"
"species",179,179,137.210162954397,749.742376936282,29.4677958838219,63.27551572,2.493425199,5.000280052,"31","12"
"species",180,180,147.595008094978,743.84797442194,27.8573786477049,47.98495095,9.125587817,25.0920897,"31","12"
"species",181,181,141.30387635057,776.016459658057,26.7254254045317,58.39228437,13.61861029,41.98948722,"31","13"
"species",182,182,146.090975848955,770.090374158446,26.3319690504495,45.48785783,33.89613967,19.91579349,"31","18"
"species",183,183,113.758716280516,1512.94851268073,31.0422757668425,0,149.1722764,11.5865529,"32","18"
"species",184,184,147.768174286462,754.686428365599,27,27.53508285,8.568839358,31.79996258,"31","13"
"species",185,185,135.65893046468,800.506457389488,25.5034127755832,24.58877016,2.44068029,36.73323262,"31","13"
"species",186,186,142.971108559566,769.885768979334,28,14.4730961,0,24.17657341,"31","18"
"species",187,187,113.583661210274,1770.25602144088,32.6044021440585,0,106.7198485,0,"31","18"
"species",188,188,136.325668706816,819.023773838667,28.4103054272992,30.18818188,28.25801849,15.04767058,"31","12"
"species",189,189,135.430296438934,819.940449515346,29,30.18818188,28.25801849,15.04767058,"31","12"
"species",190,190,140.816032044882,773.066509782819,28.0820425634902,42.3937797,3.046792248,27.21135526,"31","18"
"species",191,191,143.116032947101,796.302717277414,26.8236700567756,25.95802664,0,9.768812952,"31","13"
"species",192,192,135.98610272296,1195.48116136037,27.6369648403518,31.32926682,9.294859902,16.81234848,"31","18"
"species",193,193,137.789113215158,1360.35433567152,30,12.67211611,7.239875415,36.9497844,"33","18"
"species",194,194,132.78621544889,1022.7946556453,27.6892907695568,16.94876747,6.502416008,5.657901198,"31","11"
"species",195,195,140.756574230772,938.159017025705,26.3036469816876,33.84896747,5.017107143,25.46947633,"31","13"
"species",196,196,149.474692453598,875.481212204503,27.3792307911419,8.986825974,5.328123385,43.19049243,"33","18"
"species",197,197,142.835429296926,1430.31073536141,31,27.84719022,20.86410079,46.05530616,"32","18"
"species",198,198,129.358573676798,1237.92544387457,29,16.20637067,2.808924299,2.267648925,"31","18"
"species",199,199,116.877941551582,1119.91133146025,25.5659127011852,16.94876747,6.502416008,5.657901198,"31","13"
"species",200,200,135.750094788235,923.990653167544,27.1234095703641,19.1553829,9.796781944,25.34703532,"31","11"
"species",201,201,147.03137465423,943.058304530904,27.8657809759705,23.89748014,23.86313203,45.86903182,"33","13"
"species",202,202,147.127489438015,753.574386522618,27,44.05497245,6.614368484,22.79335791,"31","13"
"species",203,203,149.327525179103,752.469796447976,26.8763688342083,27.53508285,8.568839358,31.79996258,"31","12"
"species",204,204,138.664675331547,1178.61270290133,28.8823799812557,27.35781214,12.85547962,18.11957477,"31","12"
"species",205,205,155.853873955484,754.909458741445,27,31.62871311,23.37839451,54.23981139,"31","18"
"species",206,206,150.621681363341,761.680753342681,27.9042144388662,36.73246483,7.237559382,26.88021893,"31","18"
"species",207,207,149.478925900436,822.606379426106,27.1622499413092,29.46682025,13.13958428,33.29227205,"31","18"
"species",208,208,153.92170819014,781.774021334512,27,29.46682025,13.13958428,33.29227205,"31","11"
"species",209,209,143.461385899382,827.179993244073,27.9271976167697,27.00672829,9.836987784,5.031787593,"31","13"
"species",210,210,140.784088574895,1612.7672869099,31.3166133985078,10.45283536,37.46040469,45.77663377,"32","13"
"species",211,211,146.167742159935,759.283188464155,27.1343299964144,42.3937797,3.046792248,27.21135526,"31","12"
"species",212,212,140.052694102921,781.917068373172,27,27.53508285,8.568839358,31.79996258,"31","13"
"species",213,213,146.51476392882,759.614413045674,27.9871552692213,42.3937797,3.046792248,27.21135526,"31","18"
"species",214,214,141.254165418141,770.285760328058,28,42.3937797,3.046792248,27.21135526,"31","18"
"species",215,215,130.936088150778,804.114411984477,27.1382372805409,42.3937797,3.046792248,27.21135526,"31","11"
"species",216,216,142.433002716826,800.077979409146,26.0780533417151,23.87814493,0,26.38952649,"31","18"
"species",217,217,129.390628889458,1227.44553917198,27.9420098862689,31.32926682,9.294859902,16.81234848,"31","12"
"species",218,218,142.233759945858,787.442140287084,24.9991755950218,24.10430486,10.37656872,60.73339464,"31","18"
"species",219,219,136.849072836728,814.758947987989,28.3022951254049,30.18818188,28.25801849,15.04767058,"31","12"
"species",220,220,147.737362942717,826.856696471498,27,29.46682025,13.13958428,33.29227205,"31","13"
"species",221,221,152.472381254249,736.675320464456,27.4907535772796,27.53508285,8.568839358,31.79996258,"31","18"
"species",222,222,151.073452399938,855.893322555165,27.0586584449814,8.986825974,5.328123385,43.19049243,"31","12"
"species",223,223,129.473629817187,1800.15061155294,31.3094975266999,7.143408773,2.660643649,3.604791242,"31","13"
"species",224,224,149.308999691889,863.551897524627,26.9413883784695,8.986825974,5.328123385,43.19049243,"31","13"
"species",225,225,147.573570504031,1199.0838280288,29,19.11748049,24.86211893,48.47216146,"31","11"
"species",226,226,145.880434904369,881.086753922604,27.4192539896036,19.1553829,9.796781944,25.34703532,"31","13"
"species",227,227,160,742.493993439372,26,32.74919234,0,95.35268329,"31","11"
"species",228,228,141.000666197287,778.57371914006,26.9530795915315,27.53508285,8.568839358,31.79996258,"31","13"
"species",229,229,140.776112516874,773.603104735106,27,44.05497245,6.614368484,22.79335791,"31","13"
"species",230,230,140.287448529967,795.576607312902,26.2999440707882,44.59782894,19.34093499,11.58562987,"31","18"
"species",231,231,149.225219913913,762.07371838287,25.5043188434786,29.5017962,11.23117536,77.28137495,"31","13"
"species",232,232,148.137335405297,751.75519753497,27.7641285464911,27.53508285,8.568839358,31.79996258,"31","13"
"species",233,233,142.625560123475,1320.28513780515,30,19.11748049,24.86211893,48.47216146,"31","13"
"species",234,234,140.733188135874,906.396483398646,27,19.1553829,9.796781944,25.34703532,"31","13"
"species",235,235,134.220469140128,1335.98923076823,29.5346014373833,21.70710799,6.043681012,9.739136656,"31","18"
"species",236,236,151.744695112887,728.476740261446,30.0930870485379,43.09401964,3.291684299,11.34326558,"31","18"
"species",237,237,153.563784664819,743.562648954393,26.9788865817402,28.31384118,2.682683834,71.77863918,"31","18"
"species",238,238,118.13614091137,1391.54900337184,31,0,136.3807521,14.96783447,"31","18"
"species",239,239,145.287023450361,1290.18089878113,30,19.11748049,24.86211893,48.47216146,"31","18"
"species",240,240,140.350294602405,899.507694537045,27.5326093457381,19.1553829,9.796781944,25.34703532,"31","12"
"species",241,241,144.925095063453,775.582995009116,26.5296735796249,27.53508285,8.568839358,31.79996258,"31","13"
"species",242,242,139.325506465493,1289.48055470964,28,19.11748049,24.86211893,48.47216146,"31","13"
"species",243,243,155.900636281237,737.106344988249,26.8672325745276,28.31384118,2.682683834,71.77863918,"31","18"
"species",244,244,137.049609675604,1291.27781585737,28,16.98044566,13.48311573,35.07788029,"33","11"
"species",245,245,120.864194798615,1872.24858129479,30.1310973136496,19.6745604,7.970726853,11.62623773,"31","13"
"species",246,246,118.431886808278,1477.25436191816,27.7744743634187,21.70710799,6.043681012,9.739136656,"31","12"
"species",247,247,131.179761316986,792.276896883125,28.4042122019903,43.09401964,3.291684299,11.34326558,"31","12"
"species",248,248,151.091699455424,761.152897552167,26,19.96764855,0,38.46464682,"31","13"
"species",249,249,124.372078432074,628.709509602621,39,47.04794055,7.578866015,6.142455744,"31","13"
"species",250,250,133.007137925895,732.950829028991,31.0761336540828,42.48931168,5.157733352,4.921958628,"31","13"
"species",251,251,140.330569913824,759.454306506554,29,12.25076914,0,9.991459665,"31","13"
"species",252,252,146.495273543468,804.847998535067,25.993505658818,23.87814493,0,26.38952649,"31","13"
"species",253,253,145.746458024658,820.778852435775,25.3042722389612,46.60420648,0,39.17939394,"31","12"
"species",254,254,142.590864295516,804.097898403698,26,33.90280067,3.0609926,45.43880265,"31","13"
"species",255,255,139.092133856541,737.022800160344,31.2026259516092,43.09401964,3.291684299,11.34326558,"31","13"
"species",256,256,158.323630944405,759.580125011262,26,62.2622717,0,44.70750139,"31","18"
"species",257,257,92.3984633304872,836.906247793206,28.0603376633074,15.11043496,1.843373575,0.778437432,"33","11"
"species",258,258,149.696786972712,767.889174072439,28,25.95802664,0,9.768812952,"31","18"
"species",259,259,103.449290882708,772.795753923278,30.0211041684079,15.11043496,1.843373575,0.778437432,"31","12"
"species",260,260,152.58912019212,805.724417431259,26,52.42805035,0,92.6719687,"31","12"
"species",261,261,144.352096600521,854.223666983431,27,29.46682025,13.13958428,33.29227205,"31","13"
"species",262,262,138.382406588892,794.617593411108,27,23.87814493,0,26.38952649,"31","18"
"species",263,263,123.169300821406,752.250046106439,31.8331480178025,43.09401964,3.291684299,11.34326558,"31","13"
"species",264,264,127.022953917397,719.56407875789,33,84.29103591,2.929292738,35.87541889,"31","12"
"species",265,265,144.416712072436,674.325151300087,34.2860715952525,29.0328483,8.256227348,0,"31","18"
"species",266,266,145.007474015289,713.614695964047,32,43.09401964,3.291684299,11.34326558,"31","18"
"species",267,267,127.176722018809,612.356202571019,39.5310855675603,73.34505261,0.606095319,10.79659412,"31","13"
"species",268,268,150.325690671737,818.732716948762,25.1628453358685,59.47566632,0,35.29766864,"31","18"
"species",269,269,138.606284941934,829.30734496672,27.855072638006,30.18818188,28.25801849,15.04767058,"31","13"
"species",270,270,134.085943016745,744.188701326846,29.3182234610197,47.54749112,7.159377437,31.17824254,"31","13"
"species",271,271,115.849340545003,918.497182541949,26.207923391397,34.25057033,13.40190923,2.936689407,"31","13"
"species",272,272,139.349387485594,762.687238267873,29,12.25076914,0,9.991459665,"31","13"
"species",273,273,141.175268909425,753.850379104447,29.9937367087978,45.75073179,7.549714848,3.55799475,"31","13"
"species",274,274,144.526032223861,780.208540513459,25.8815080559652,45.48785783,33.89613967,19.91579349,"31","18"
"species",275,275,145.407839363711,769.720717221909,27,52.57030574,0.363637888,32.77363522,"31","13"
"species",276,276,141.565143272396,789.138007609144,27.8550477574654,25.95802664,0,9.768812952,"31","12"
"species",277,277,127.440356178239,800.243484420929,28,43.09401964,3.291684299,11.34326558,"31","13"
"species",278,278,151.50016819778,790.472278258262,26,82.09591305,1.771473717,64.80229272,"31","18"
"species",279,279,143.737654539885,735.915465952249,30.1896620356944,43.09401964,3.291684299,11.34326558,"31","12"
"species",280,280,141.442282756191,755.900168319828,28.7038607002606,47.98495095,9.125587817,25.0920897,"31","12"
"species",281,281,107.247829409682,736.984479733004,32.2852679803019,35.72380336,8.923438758,2.311630946,"31","12"
"species",282,282,151.007628234949,801.042250563695,26,67.31210855,0,41.20556595,"31","18"
"species",283,283,127.526072617472,716.459470751093,33.4393454103227,84.29103591,2.929292738,35.87541889,"31","12"
"species",284,284,120.701158472538,652.495754941704,38,48.78817438,0,15.67726787,"31","13"
"species",285,285,137.690040168978,762.02941730763,28.8254178887081,45.5486725,2.225169257,8.847710058,"31","18"
"species",286,286,112.115559806175,729.381178859887,31.0453260529483,19.89450268,3.837507078,0,"31","13"
"species",287,287,119,663.923024273433,33,12.86835577,7.555277427,0,"31","13"
"species",288,288,142.816316793306,733.977789363461,30.0975307074503,48.05322131,6.004509926,5.240878011,"31","12"
"species",289,289,155.682300391972,774.655542130758,26,51.28501345,0,76.99634961,"31","18"
"species",290,290,137.783242740879,773.615968590861,27.4422737861546,47.98495095,9.125587817,25.0920897,"31","13"
"species",291,291,140.244999941648,751.038225645277,28.3234377103695,45.5486725,2.225169257,8.847710058,"31","13"
"species",292,292,118.27572536323,682.759210721679,36.5741345513284,65.14024442,1.400990109,16.54531378,"31","13"
"species",293,293,149.260396854176,772.182702639017,26.0145138406028,20.54222974,10.26753813,59.77728131,"31","12"
"species",294,294,145.759481175245,813.519936036539,25.874966123306,22.15633986,0,34.33040745,"31","18"
"species",295,295,148.953757380583,777.891364102803,28,36.73246483,7.237559382,26.88021893,"31","18"
"species",296,296,121.984344516475,647.302521741117,37.655607755049,48.78817438,0,15.67726787,"31","13"
"species",297,297,105.620803844539,901.025243240751,26.3796308140173,25.08547726,5.882198662,0,"31","11"
"species",298,298,119.462519032109,680.863369926375,36.524520624894,65.14024442,1.400990109,16.54531378,"31","13"
"species",299,299,95.2411111730864,890.352797920929,26.7532909443612,45.75073179,7.549714848,3.55799475,"32","12"
"species",300,300,134.145812541484,785.470860387396,27.2560023036881,47.98495095,9.125587817,25.0920897,"31","12"
"species",301,301,141.681424604131,738.565496143885,30,48.05322131,6.004509926,5.240878011,"31","13"
"species",302,302,143.537770653438,712.485836435777,32,43.09401964,3.291684299,11.34326558,"31","13"
"species",303,303,134.06006895617,726.098804915103,32.106006895617,42.48931168,5.157733352,4.921958628,"31","18"
"species",304,304,123.501316532037,809.191543425719,28,43.09401964,3.291684299,11.34326558,"31","11"
"species",305,305,143.070485238148,737.648932319732,30,43.09401964,3.291684299,11.34326558,"31","13"
"species",306,306,146.095512271339,749.381376378471,28,47.98495095,9.125587817,25.0920897,"31","13"
"species",307,307,116.504606576743,828.426953014713,28,25.08547726,5.882198662,0,"31","11"
"species",308,308,153.439614181486,758.285886733145,27,31.85973964,0,56.85620261,"31","18"
"species",309,309,125.105475842724,1613.93894504891,32.8629313699959,0,149.1722764,11.5865529,"31","18"
"species",310,310,119.098436175158,1553.4756939501,32,0,149.1722764,11.5865529,"31","18"
"species",311,311,111.631835020038,1559.33812719203,32,0,78.01781876,0,"31","18"
"species",312,312,117.450513447682,1537.3933282714,31.2478291916918,0,136.3807521,14.96783447,"31","18"
"species",313,313,133.050628705239,2055.22572537597,33.0390980896057,0,90.43422982,0,"32","18"
"species",314,314,135.798608890227,2267.51517240119,32.3088355979723,0,90.43422982,0,"31","18"
"species",315,315,133.44245124837,820.944880215039,27.2559662405353,39.16085693,12.66476322,13.14550659,"31","13"
"species",316,316,126.208628024399,845.789954707253,26.1920412957559,39.16085693,12.66476322,13.14550659,"31","12"
"species",317,317,126.571376306834,843.526685736994,26,39.16085693,12.66476322,13.14550659,"31","12"
"species",318,318,144.05770696318,1299.49313005027,30.7173309188825,12.67211611,7.239875415,36.9497844,"31","18"
"species",319,319,132.659146321492,1399.49509721905,29.3029141149433,26.99099079,2.804594974,21.69056293,"31","13"
"species",320,320,134.61060597102,1397.42252294478,30,26.99099079,2.804594974,21.69056293,"31","18"
"species",321,321,143.906297298507,1308.7084987488,30,12.67211611,7.239875415,36.9497844,"33","18"
"species",322,322,127.622364563359,2488.10154340516,32,0,196.6838002,0,"32","18"
"species",323,323,128.369243673119,2033.28820048939,33,0.28148691,27.71730315,2.140618419,"31","18"
"species",324,324,147.202780100047,949.031992485534,27.4253540351637,23.89748014,23.86313203,45.86903182,"31","13"
"species",325,325,127.733725628754,1786.06603692047,30.2980973789315,23.91464734,22.28369529,15.85436311,"31","18"
"species",326,326,148.49150847253,765.091853412136,25.4740481770395,29.5017962,11.23117536,77.28137495,"31","18"
"species",327,327,141.886426050858,765.954470297359,27.5482042245434,47.98495095,9.125587817,25.0920897,"31","13"
"species",328,328,157.318752995942,728.785429422025,27.0604414057926,24.58877016,2.44068029,36.73323262,"31","18"
"species",329,329,141.364794549099,774.172551974591,27,44.05497245,6.614368484,22.79335791,"31","13"
"species",330,330,139.099847452315,779.959210983546,27,44.05497245,6.614368484,22.79335791,"31","13"
"species",331,331,114.325219376134,2406.53886200764,32.0551868151562,0,90.43422982,0,"32","11"
"species",332,332,122.878237310464,1830.30699737865,30,19.6745604,7.970726853,11.62623773,"32","11"
"species",333,333,123.127933492685,2464.35541249142,32,0,105.3622251,0,"31","11"
"species",334,334,149.855946272187,764.610297450236,26,24.10430486,10.37656872,60.73339464,"31","18"
"species",335,335,153.631226328005,721.032107359781,29.7908590769464,52.77933483,11.57085103,22.39424401,"31","18"
"species",336,336,138.882869035177,772.489762819972,27.2678591719913,47.98495095,9.125587817,25.0920897,"31","18"
"species",337,337,150.304786606204,795.421697801342,26.0933485166193,25.95802664,0,9.768812952,"31","12"
"species",338,338,141.128027321946,799.388324516079,25.7181325752349,36.73246483,7.237559382,26.88021893,"31","11"
"species",339,339,151.674984321069,757.478463823469,25.759526314299,24.10430486,10.37656872,60.73339464,"31","18"
"species",340,340,119.682133127867,1676.52516757712,33.3124883466025,0,173.5961919,0,"31","18"
"species",341,341,120.505695405071,2401.03085506622,31,0,94.35531138,0,"31","18"
"species",342,342,135.897541502522,1382.44395335277,29,12.67211611,7.239875415,36.9497844,"31","18"
"species",343,343,129.203078860052,812.256698095493,26.0189455716617,47.98495095,9.125587817,25.0920897,"31","12"
"species",344,344,144.647194595317,786.337801432223,26.1065073153163,36.73246483,7.237559382,26.88021893,"31","18"
"species",345,345,159.148931988998,739.353828786635,27.1927429288921,31.85973964,0,56.85620261,"31","18"
"species",346,346,145.727937127857,780.489038049569,26.1459552214743,36.73246483,7.237559382,26.88021893,"32","18"
"species",347,347,143.73485612666,818.236618267769,26,31.62871311,23.37839451,54.23981139,"31","13"
"species",348,348,152.922806181401,767.231581455797,26.7307015453502,50.54217048,0,48.52011888,"31","11"
"species",349,349,156.77182891527,717.534540117012,28.7761515879463,58.39228437,13.61861029,41.98948722,"31","18"
"species",350,350,153.412257643739,749.68120526414,25.8916253777688,24.10430486,10.37656872,60.73339464,"31","18"
"species",351,351,153.300423721128,760.699576278872,27,31.62871311,23.37839451,54.23981139,"31","13"
"species",352,352,112,1738.36174813643,33,0,106.7198485,0,"31","18"
"species",353,353,126.358541982645,779.369257144097,29.2684625288203,43.09401964,3.291684299,11.34326558,"31","12"
"species",354,354,153.431122807232,746.561932526932,26,66.99028899,10.03937061,122.8613909,"31","18"
"species",355,355,140.387404342469,793.685637923339,26.8949554626021,36.73246483,7.237559382,26.88021893,"31","18"
"species",356,356,152.789504863312,755.568547132393,25.8380554530625,24.10430486,10.37656872,60.73339464,"31","18"
"species",357,357,152.360421495348,793.352828936141,27.1784035034135,29.46682025,13.13958428,33.29227205,"31","18"
"species",358,358,150.169108951833,769.457176393368,26,20.54222974,10.26753813,59.77728131,"31","18"
"species",359,359,159,731.022491647511,25.4943770881223,4.693608634,0,61.35320701,"31","18"
"species",360,360,134.490071351796,819.499813279446,26.4628621318322,36.73246483,7.237559382,26.88021893,"31","12"
"species",361,361,151.830963206187,857.657736672137,27.2762894453562,8.986825974,5.328123385,43.19049243,"31","13"
"species",362,362,155.865961908802,752.102859948071,27,31.62871311,23.37839451,54.23981139,"31","11"
"species",363,363,142.569909220479,790.150363900881,25.046211429887,24.10430486,10.37656872,60.73339464,"32","18"
"species",364,364,134.549872438664,1952.70246618582,31,0,123.9381204,0,"32","18"
"species",365,365,146.14322074259,773.2770621419,27.395097037204,36.73246483,7.237559382,26.88021893,"31","18"
"species",366,366,145.324989983252,781.999939916187,25.0197263578809,24.10430486,10.37656872,60.73339464,"31","18"
"species",367,367,152.625408536799,737.82041101253,27.2243913465407,45.5486725,2.225169257,8.847710058,"31","18"
"species",368,368,119.627038231378,839.129341578442,29.0892053379447,17.16661537,6.598909338,2.863393877,"31","11"
"species",369,369,147.045547794523,768.49583345506,26.7210273604042,44.59782894,19.34093499,11.58562987,"31","18"
"species",370,370,147.489018477125,772.563038951453,25.7037025892985,24.10430486,10.37656872,60.73339464,"31","13"
"species",371,371,130.074870510477,1404.16835264507,29,26.99099079,2.804594974,21.69056293,"31","12"
"species",372,372,138.654203552746,807.183970850327,26.900610375519,36.73246483,7.237559382,26.88021893,"31","12"
"species",373,373,122.636338508602,854.692810136915,26,39.16085693,12.66476322,13.14550659,"31","11"
"species",374,374,139.209739135374,808.287898396217,25.4467205694928,36.73246483,7.237559382,26.88021893,"33","18"
"species",375,375,147.495458347381,766.42997883826,27.0064183702012,8.23719688,0,49.22957768,"31","18"
"species",376,376,138.329379382921,808.945276788027,24.6461549027165,24.10430486,10.37656872,60.73339464,"31","11"
"species",377,377,144.429061101101,783.60708406697,25.0437852537723,24.10430486,10.37656872,60.73339464,"31","18"
"species",378,378,140.617887073163,795.330300601563,27.0565834852674,36.73246483,7.237559382,26.88021893,"31","18"
"species",379,379,142.27786634502,804.154642096581,27.2768733534708,30.18818188,28.25801849,15.04767058,"31","18"
"species",380,380,143.229554878326,764.294343441392,27,44.05497245,6.614368484,22.79335791,"31","18"
"species",381,381,153.523284175135,756.818785154445,26,20.54222974,10.26753813,59.77728131,"31","18"
"species",382,382,139.529975433596,797.283955751295,26.3358657530848,44.59782894,19.34093499,11.58562987,"31","18"
"species",383,383,148.475685189827,771.43378875703,25.1709931073302,24.10430486,10.37656872,60.73339464,"31","18"
"species",384,384,150.399045765911,760.876832325904,25.6268817620489,24.10430486,10.37656872,60.73339464,"31","18"
"species",385,385,147.741899518771,821.244694668472,27,29.46682025,13.13958428,33.29227205,"31","18"
"species",386,386,125.90749558193,1821.17675216593,31.2696558862379,5.036318203,23.6999329,19.29514959,"32","11"
"species",387,387,139.153280501604,803.204303660687,27.0366423848252,36.73246483,7.237559382,26.88021893,"31","12"
"species",388,388,139.084233576446,825.952957091425,29.351513266516,30.18818188,28.25801849,15.04767058,"31","11"
"species",389,389,138.167458347339,1355.9690715974,30.2099093210009,12.67211611,7.239875415,36.9497844,"33","13"
"species",390,390,143.736153901474,793.616213666099,25.8782709165602,36.73246483,7.237559382,26.88021893,"33","18"
"species",391,391,149.17984218106,779.072112657801,26.7313934665031,36.73246483,7.237559382,26.88021893,"31","12"
"species",392,392,126.961677534325,2471.06621011706,33,0,90.43422982,0,"33","18"
"species",393,393,144.614447821022,779.816011990204,27.9609129124256,14.4730961,0,24.17657341,"31","18"
"species",394,394,153.941825741653,781.17452277504,26.0581742583465,46.60420648,0,39.17939394,"31","18"
"species",395,395,116.266460605762,1562.61161270793,31.862260843156,0,149.1722764,11.5865529,"32","18"
"species",396,396,115.709119077289,1550.93965126671,31.8249151183415,0,149.1722764,11.5865529,"31","13"
"species",397,397,146.092064134625,781.301659446025,26,36.73246483,7.237559382,26.88021893,"31","18"
"species",398,398,138.335018175405,828.674825541961,27,36.73246483,7.237559382,26.88021893,"31","13"
"species",399,399,154.351706502718,771.769027240488,27.1758532513589,31.62871311,23.37839451,54.23981139,"31","11"
"species",400,400,145.2991889042,776.194390311079,27.0937731857276,36.73246483,7.237559382,26.88021893,"31","18"
"species",401,401,138.974475592556,779.691139811266,26.6628932725603,44.05497245,6.614368484,22.79335791,"31","13"
"species",402,402,146.373833702014,775.930160663466,25.8523833172083,24.10430486,10.37656872,60.73339464,"31","18"
"species",403,403,120.917749024211,925.14302307872,26,27.00672829,9.836987784,5.031787593,"31","11"
"species",404,404,147.268438693442,1066.5033606233,28,22.01528898,3.277682184,66.32319669,"31","18"
"species",405,405,129.287103772363,791.417438643023,27.7613623625557,47.98495095,9.125587817,25.0920897,"31","11"
"species",406,406,149.006364045785,766.753209642249,26,24.10430486,10.37656872,60.73339464,"31","18"
"species",407,407,118.179788430712,1614.49366995482,32.2455093487595,0,149.1722764,11.5865529,"31","18"
"species",408,408,154.51184358226,765.95262567096,26.51184358226,50.54217048,0,48.52011888,"31","11"
"species",409,409,119.686131725098,1484.88320964941,31,0,147.1212469,17.04652452,"32","18"
"species",410,410,154.205698715778,750.836674986683,25.8447055216544,4.765064181,3.724718051,114.1932896,"31","18"
"species",411,411,122.799871070877,1979.95287995703,31,0,141.1877689,16.43710807,"32","18"
"species",412,412,151.803378735423,753.287467210603,25.7485013115759,24.10430486,10.37656872,60.73339464,"31","18"
"species",413,413,132.97623683055,796.838214997042,26.9485972103902,44.05497245,6.614368484,22.79335791,"31","11"
"species",414,414,150.457325780317,757.589189446812,26,28.31384118,2.682683834,71.77863918,"31","18"
"species",415,415,149.251359653785,768.671833539734,25.0052067158365,24.10430486,10.37656872,60.73339464,"31","18"
"species",416,416,155.116719475769,733.096753790457,26.8986384919621,58.39228437,13.61861029,41.98948722,"31","18"
"species",417,417,121.694566048619,1832.53300392437,33,1.230742456,54.82371669,0,"31","18"
"species",418,418,140.682541938776,797.845735852934,26.938860635296,36.73246483,7.237559382,26.88021893,"31","12"
"species",419,419,153.85361886582,742.132233107975,26.4665320965312,28.31384118,2.682683834,71.77863918,"31","13"
"species",420,420,149.60206820271,817.765514828483,27,29.46682025,13.13958428,33.29227205,"31","18"
"species",421,421,134.285518067997,777.085559549525,27.9421137535172,47.98495095,9.125587817,25.0920897,"31","11"
"species",422,422,120.015218743771,2221.72140413143,31,0,294.5806414,0,"31","11"
"species",423,423,135.200575275787,860.892545670925,26.5777617724691,27.00672829,9.836987784,5.031787593,"31","13"
"species",424,424,157.832635879874,736,26,9.782733242,4.634478973,136.4015575,"31","18"
"species",425,425,113.251337210611,1682.46684699088,32.0251337210611,0,170.8838525,5.009000168,"31","13"
"species",426,426,137.490305139669,785.865014512492,26.1817225967262,47.98495095,9.125587817,25.0920897,"31","11"
"species",427,427,141.93982936284,813.320912773941,27.0952393410836,36.73246483,7.237559382,26.88021893,"31","12"
"species",428,428,154.012364085109,747.325651639999,26,66.99028899,10.03937061,122.8613909,"31","18"
"species",429,429,150.36106941034,734.220060574161,30.0517385680623,43.09401964,3.291684299,11.34326558,"31","18"
"species",430,430,132.849150812192,1680.94233903776,32,0,66.76580688,0,"31","18"
"species",431,431,149.246504870096,798.897851676,26,46.60420648,0,39.17939394,"31","12"
"species",432,432,143.639669593921,757.095788542669,28.947701084527,52.77933483,11.57085103,22.39424401,"31","18"
"species",433,433,127.345673986168,1932.90859488726,31,0,141.1877689,16.43710807,"31","18"
"species",434,434,118.268980363516,1536.56821366319,32,0,149.1722764,11.5865529,"31","18"
"species",435,435,122.722012209325,2070.2221369874,30.9852714435405,0,123.9381204,0,"31","18"
"species",436,436,132.036632611385,1614.2672232827,30.6079959258486,35.04557233,34.11215635,42.60301672,"32","18"
"species",437,437,159.364483794813,746.608873769376,25.9326486776772,38.26220221,0,83.33274881,"31","18"
"species",438,438,136.754414537834,790.152011876358,26.6164250150608,47.98495095,9.125587817,25.0920897,"31","13"
"species",439,439,144.034790904112,788.345169768835,26.0513952636653,36.73246483,7.237559382,26.88021893,"31","18"
"species",440,440,135.388297599198,796.017099841255,26.0609425185676,47.98495095,9.125587817,25.0920897,"31","11"
"species",441,441,128.005955544673,1087.45914956698,25.9829405583757,16.94876747,6.502416008,5.657901198,"31","18"
"species",442,442,143.246895710073,1172.46073795547,28.2558551957688,16.98044566,13.48311573,35.07788029,"32","18"
"species",443,443,131.875054856067,2100.94379841108,31.9785800860014,0,294.5806414,0,"31","18"
"species",444,444,153.193995220986,761.020898827064,26.0664849719249,20.54222974,10.26753813,59.77728131,"31","18"
"species",445,445,153.952902742427,759.059885634564,26.0042627923302,20.54222974,10.26753813,59.77728131,"31","18"
"species",446,446,159.482326864349,732.236374348704,26.3611848135353,4.765064181,3.724718051,114.1932896,"31","18"
"species",447,447,135.298453888812,1384.75097161275,29.6575801568938,12.67211611,7.239875415,36.9497844,"31","11"
"species",448,448,111.306770664888,1534.74862325016,31.012590835356,0,78.01781876,0,"32","18"
"species",449,449,143.28496705287,815.084769488637,26,25.95802664,0,9.768812952,"31","13"
"species",450,450,143.530696613793,789.484954375554,25.7621189846725,20.54222974,10.26753813,59.77728131,"31","18"
"species",451,451,121.53504830611,1622.54642097295,33,0,149.1722764,11.5865529,"31","18"
"species",452,452,137.70713153451,785.967193856183,28.0675116983427,39.16085693,12.66476322,13.14550659,"31","12"
"species",453,453,146.988876352569,760.6127796577,27.2782679196392,27.53508285,8.568839358,31.79996258,"31","13"
"species",454,454,131.737058091941,1075.41487296216,26.4451004960261,16.94876747,6.502416008,5.657901198,"33","18"
"species",455,455,135.513467824655,802.819090054776,25.3645879629457,24.58877016,2.44068029,36.73323262,"31","18"
"species",456,456,154.04189455438,754.381839848015,26.6786584229611,20.54222974,10.26753813,59.77728131,"31","18"
"species",457,457,150.247267161673,762.278080443451,26,24.10430486,10.37656872,60.73339464,"31","18"
"species",458,458,141.954871337253,1336.49170458196,29.1334045037813,19.11748049,24.86211893,48.47216146,"31","13"
"species",459,459,150.21401943901,762.727552993824,25.4397085059036,66.99028899,10.03937061,122.8613909,"31","18"
"species",460,460,115.785555937705,1597.68915278487,32,0,170.8838525,5.009000168,"32","18"
"species",461,461,131.340216430705,793.142437596535,27.7294611607311,43.09401964,3.291684299,11.34326558,"31","13"
"species",462,462,114.131166016116,1616.08125076557,31.7100199411037,0,170.8838525,5.009000168,"32","18"
"species",463,463,148.697158323199,761.925222776288,26,28.31384118,2.682683834,71.77863918,"31","13"
"species",464,464,150.065094346905,920.764135224875,27.6880120455011,23.89748014,23.86313203,45.86903182,"33","18"
"species",465,465,153.004270108947,755.378940957719,26,24.10430486,10.37656872,60.73339464,"31","18"
"species",466,466,145.388470596883,777.433931882605,26.8151778779569,44.59782894,19.34093499,11.58562987,"31","18"
"species",467,467,153.5807561501,747.288817366451,26.6745210561466,24.10430486,10.37656872,60.73339464,"31","18"
"species",468,468,142.073809386964,815.778571839109,27,36.73246483,7.237559382,26.88021893,"31","12"
"species",469,469,140.260303482969,797.524148649159,25,24.10430486,10.37656872,60.73339464,"31","18"
"species",470,470,147.387407860051,771.652129757538,25.348721490684,24.10430486,10.37656872,60.73339464,"33","12"
"species",471,471,120.572078860479,1551.05158629708,32,0,149.1722764,11.5865529,"31","18"
"species",472,472,145.701617282028,785.72668341924,26.0301498123589,36.73246483,7.237559382,26.88021893,"31","18"
"species",473,473,136.671940461514,781.312423821099,27.0504946514884,45.5486725,2.225169257,8.847710058,"31","13"
"species",474,474,141.328187133126,792.433510467793,24.9347816917156,45.48785783,33.89613967,19.91579349,"31","12"
"species",475,475,152.467908886897,794.143590278188,27.0152258257747,29.46682025,13.13958428,33.29227205,"31","18"
"species",476,476,119.979733898565,1574.89846858538,32.0305442692804,0,149.1722764,11.5865529,"31","18"
"species",477,477,117.2744435596,1571.14654043646,32.0934835642723,0,173.5961919,0,"32","11"
"species",478,478,152.313783971033,755.142168006288,26.4582400403068,44.59782894,19.34093499,11.58562987,"31","18"
"species",479,479,151.268839026235,851.90075045165,27.2104217608681,8.986825974,5.328123385,43.19049243,"33","13"
"species",480,480,157.999078668788,742.121565546621,26.3936319140321,27.68398353,1.196552337,71.68308878,"31","18"
"species",481,481,138.684538761075,785.834580969006,26.6158821955612,58.39228437,13.61861029,41.98948722,"31","13"
"species",482,482,141.277028621006,1339.71528893419,29.9827958013877,19.11748049,24.86211893,48.47216146,"32","18"
"species",483,483,120.602756789049,1630.56026417477,33,0,149.1722764,11.5865529,"31","18"
"species",484,484,149.623998742118,766.369865229866,26.8950597909482,36.73246483,7.237559382,26.88021893,"31","18"
"species",485,485,155.296472597193,748.300803375028,25.8604290241331,66.99028899,10.03937061,122.8613909,"31","18"
"species",486,486,158.843316789191,746.793311515898,25.9451066383286,38.26220221,0,83.33274881,"31","13"
"species",487,487,114.865649322856,1621.41953315362,32.2062527805703,0,149.1722764,11.5865529,"31","18"
"species",488,488,147.667280451336,778.82859836976,28.1272509811635,30.18818188,28.25801849,15.04767058,"31","18"
"species",489,489,119.937000365836,1580.33998778601,32.9296391587463,0,173.5961919,0,"32","18"
"species",490,490,115.096061771068,1721.82734438795,33,0,173.5961919,0,"31","18"
"species",491,491,113.504599459885,1562.29393610844,32,0,149.1722764,11.5865529,"31","18"
"species",492,492,115.703756611123,1863.34212965267,33,0,115.2749589,23.30587761,"31","18"
"species",493,493,150.936899740804,782.551980825095,26.567026516101,31.62871311,23.37839451,54.23981139,"31","13"
"species",494,494,124.755131675002,882.187574317973,27.4503042857414,30.18818188,28.25801849,15.04767058,"31","18"
"species",495,495,141.213213387461,775.374542307783,27.0001400550857,45.5486725,2.225169257,8.847710058,"31","18"
"species",496,496,156.797801268704,739.280823601891,25.9723011077696,29.5017962,11.23117536,77.28137495,"31","18"
"species",497,497,150.365827339241,762.122587409833,26,24.10430486,10.37656872,60.73339464,"31","18"
"species",498,498,141.802244269267,822.079073573427,28.2130987198589,30.18818188,28.25801849,15.04767058,"31","13"
"species",499,499,132.023976710843,1403.00309052319,29.0119883554213,26.99099079,2.804594974,21.69056293,"31","12"
"species",500,500,127.899422844168,804.894207528258,27.844259651976,45.75073179,7.549714848,3.55799475,"31","12"
"species",501,501,114.296192951648,2510.14045525651,32,0,105.3622251,0,"31","18"
"species",502,502,134.218088681352,873.209060076639,28.2624132343882,27.00672829,9.836987784,5.031787593,"31","13"
"species",503,503,139.469076533805,770.76316403418,27,47.98495095,9.125587817,25.0920897,"31","13"
"species",504,504,146.446123919919,776.067124440024,26,24.10430486,10.37656872,60.73339464,"31","13"
"species",505,505,146.187511711875,793.618669940229,27.879996181636,36.73246483,7.237559382,26.88021893,"31","18"
"species",506,506,143.424628639602,1397.19560054019,31.2123143198008,15.51480672,5.791799129,91.71451497,"32","18"
"species",507,507,159.388389503689,732.883542766106,26,4.765064181,3.724718051,114.1932896,"31","18"
"species",508,508,139.505052263419,1447.133707279,31,27.84719022,20.86410079,46.05530616,"31","18"
"species",509,509,153.427990439105,766.774534447888,27,31.62871311,23.37839451,54.23981139,"31","11"
"species",510,510,122.853050423656,2496.60683239932,32,0,90.43422982,0,"31","18"
"species",511,511,136.028190305636,1949.35756841756,31.986499391901,0,123.9381204,0,"31","11"
"species",512,512,129.053850145574,2367.21010254118,31.9250458148509,0,194.4239437,0,"31","11"
"species",513,513,116.445080114446,2475.12214426087,32.6453791234898,0,77.92222415,0,"32","18"
"species",514,514,154.92269782585,721.743755084499,30,41.46017928,8.191929972,30.12976851,"32","18"
"species",515,515,115.405266147029,1709.32965394989,33,0,173.5961919,0,"31","18"
"species",516,516,122.387602898239,2762.50199701529,33.9690770419716,0,34.79562648,0,"31","11"
"species",517,517,138.843716898604,1181.31042373678,27.9711764818913,31.32926682,9.294859902,16.81234848,"31","18"
"species",518,518,144,1293.0235638943,31,7.12309983,6.128613304,38.92765714,"31","18"
"species",519,519,135.848545066333,1381.17106070676,29.5716096587593,29.89428818,10.39828208,40.65660905,"31","18"
"species",520,520,134.270477834579,1392.0043627828,30,12.67211611,7.239875415,36.9497844,"31","13"
"species",521,521,143.91608240047,1369.71678806025,31.4484073093727,15.51480672,5.791799129,91.71451497,"32","18"
"species",522,522,112.522512775146,1554.32346617701,32,0,149.1722764,11.5865529,"31","13"
"species",523,523,148.117781938442,766.395271007844,27.1043460627157,8.23719688,0,49.22957768,"31","13"
"species",524,524,130.717351890226,1817.98601571208,32,0,141.1877689,16.43710807,"31","18"
"species",525,525,130.769278512933,1826.57459882473,32.2404234721556,5.537295974,16.85143025,7.6054687,"31","18"
"species",526,526,152.031354036569,851.911571296427,27.8239565480284,8.986825974,5.328123385,43.19049243,"31","11"
"species",527,527,145.513865300361,1276.37958365284,31.7569326501806,7.12309983,6.128613304,38.92765714,"31","11"
"species",528,528,154.546187977105,742.080304749822,27.7135218864772,19.96764855,0,38.46464682,"31","18"
"species",529,529,146.723793763895,770.781276563571,26.5340587836448,27.53508285,8.568839358,31.79996258,"31","13"
"species",530,530,154.169112022973,742.585755105335,27,24.58877016,2.44068029,36.73323262,"31","18"
"species",531,531,145.096362260856,767.908813296315,27,27.53508285,8.568839358,31.79996258,"31","18"
"species",532,532,148.185770562678,758.136052884894,27,27.53508285,8.568839358,31.79996258,"31","13"
"species",533,533,150.402105857931,746.394196366697,27.400901468678,27.53508285,8.568839358,31.79996258,"31","18"
"species",534,534,147.060033971697,755.967980762735,27,27.53508285,8.568839358,31.79996258,"31","13"
"species",535,535,140.644897385087,775.993742863031,27,44.05497245,6.614368484,22.79335791,"31","13"
"species",536,536,137.820168447024,788.032047706417,26.1344021514472,27.53508285,8.568839358,31.79996258,"31","18"
"species",537,537,138.658095670076,784.377564412006,26.5493828592549,27.53508285,8.568839358,31.79996258,"31","18"
"species",538,538,142.178593207411,771.947367426086,26.7882162479337,44.05497245,6.614368484,22.79335791,"31","18"
"species",539,539,138.860402933455,783.331516061995,26.2438201851579,44.05497245,6.614368484,22.79335791,"31","12"
"species",540,540,143.376011117979,768.219394336023,27,44.05497245,6.614368484,22.79335791,"31","12"
"species",541,541,138.794476090508,781.559751940884,27,44.05497245,6.614368484,22.79335791,"31","13"
"species",542,542,138.145153780803,779.670268167485,27,44.05497245,6.614368484,22.79335791,"31","11"
"species",543,543,146.375690140302,971.957758289929,27.5121569844137,23.89748014,23.86313203,45.86903182,"31","13"
"species",544,544,138.24311893515,794.648493859761,27,8.23719688,0,49.22957768,"31","18"
"species",545,545,154.488841339147,742.78590178571,27.1692442171579,31.85973964,0,56.85620261,"31","18"
"species",546,546,152.044305548029,795.867934478698,27,29.46682025,13.13958428,33.29227205,"31","18"
"species",547,547,143.476556406497,1302.17611695121,30.5151109014192,12.67211611,7.239875415,36.9497844,"31","13"
"species",548,548,131.764089796299,1356.24866523912,28.6691017956134,36.34237141,3.296045727,10.23633018,"31","18"
"species",549,549,132.094872129296,1366.43508543253,29,36.34237141,3.296045727,10.23633018,"31","11"
"species",550,550,140.528728471691,1343.508276225,29.1072158256022,12.67211611,7.239875415,36.9497844,"31","13"
"species",551,551,120.190657171649,1647.23237876959,29.0911599922802,32.1551517,12.60185313,10.94655331,"31","18"
"species",552,552,119.531574655766,1599.76726399319,28.6058952907227,32.1551517,12.60185313,10.94655331,"31","13"
"species",553,553,120.225308868901,1590.0948062497,28.6657966933892,32.1551517,12.60185313,10.94655331,"31","13"
"species",554,554,135.467585864044,1382.3432611451,29.430257077021,26.99099079,2.804594974,21.69056293,"31","12"
"species",555,555,110.026223022399,1691.77144903454,28,32.1551517,12.60185313,10.94655331,"31","11"
"species",556,556,144.280635563154,1294.54515082274,30.7102851684718,12.67211611,7.239875415,36.9497844,"31","18"
"species",557,557,151.581526697144,864.092366514279,27.5815266971443,8.986825974,5.328123385,43.19049243,"31","11"
"species",558,558,120.714698589088,1533.21673379751,28.9229030576475,13.86855208,1.104477728,3.649778544,"31","18"
"species",559,559,135.220747741737,1384.98920767173,29.7722095961432,29.89428818,10.39828208,40.65660905,"31","13"
"species",560,560,136.192744479043,1464.61366097452,30.9000021830907,15.51480672,5.791799129,91.71451497,"31","12"
"species",561,561,129.119581792294,1379.40559998676,29,36.34237141,3.296045727,10.23633018,"31","12"
"species",562,562,147,945,27,23.89748014,23.86313203,45.86903182,"33","18"
"species",563,563,145.53178468738,1286.85245729002,29.8966932729986,19.11748049,24.86211893,48.47216146,"31","13"
"species",564,564,148.357166798916,1220.873531721,29.9073913479036,19.11748049,24.86211893,48.47216146,"31","11"
"species",565,565,136.139945635369,823.409181675599,31.0899470779794,34.25057033,13.40190923,2.936689407,"31","18"
"species",566,566,141.834214310894,792.310429168474,25.1680977445099,45.48785783,33.89613967,19.91579349,"31","13"
"species",567,567,108.322793311017,2046.10175930946,32.0124234572819,1.230742456,54.82371669,0,"32","11"
"species",568,568,126.760532658726,1600.34662934971,33.5538555457973,0.28148691,27.71730315,2.140618419,"31","18"
"species",569,569,145.35031032933,684.264660782631,31.3718806747078,47.54749112,7.159377437,31.17824254,"31","18"
"species",570,570,130.821541662095,2540.40006068715,32,0,67.32846192,0,"32","18"
"species",571,571,153.296158117222,752.775899648233,28.1891176390327,36.73246483,7.237559382,26.88021893,"31","18"
"species",572,572,120,954.896891065161,26,27.00672829,9.836987784,5.031787593,"31","11"
"species",573,573,151.649156842128,747.699901043181,27,45.48785783,33.89613967,19.91579349,"31","18"
"species",574,574,142.769729588942,784.973056298522,25.1716144539081,28.31384118,2.682683834,71.77863918,"31","13"
"species",575,575,156.549984973252,731.049321787646,27,28.31384118,2.682683834,71.77863918,"31","12"
"species",576,576,141.892809303055,791.123217899391,25,66.99028899,10.03937061,122.8613909,"31","18"
"species",577,577,143.739572697016,784.952832106758,25,29.5017962,11.23117536,77.28137495,"31","12"
"species",578,578,145.763661257491,768.538489990354,26.1536178642409,24.58877016,2.44068029,36.73323262,"31","18"
"species",579,579,143.549678549048,766.116028857646,27.6334704707914,42.3937797,3.046792248,27.21135526,"31","18"
"species",580,580,134.230455367376,791.636681751411,26.955337987117,47.98495095,9.125587817,25.0920897,"31","18"
"species",581,581,145.310340671142,1283.43496979333,29.8258996235044,19.11748049,24.86211893,48.47216146,"31","18"
"species",582,582,143.116022708345,796.499799165318,27,25.95802664,0,9.768812952,"31","18"
"species",583,583,147.672429304735,915.612564991837,27,23.89748014,23.86313203,45.86903182,"31","18"
"species",584,584,138.966914750247,932.371350631573,26.8161594327968,33.84896747,5.017107143,25.46947633,"31","13"
"species",585,585,149,872.725923634947,27,8.986825974,5.328123385,43.19049243,"31","11"
"species",586,586,135.488304271755,790.840406596831,27,42.3937797,3.046792248,27.21135526,"31","13"
"species",587,587,154,753.481125133351,27,27.68398353,1.196552337,71.68308878,"31","18"
