"species","x","y","bio10_16","bio12_16","bio15_16","moose2015","red_deer2015","roe_deer2015","Forest_Type","Forest_Productivity"
"species",1,1,122.254576847649,1267.21039548787,28.8543742751249,9.344118737,2.901787862,1.784139695,"31","18"
"species",2,2,94.2505565909291,1369.09470333874,25.3196085768633,9.344118737,2.901787862,1.784139695,"32","11"
"species",3,3,114.561125519483,1307.09148086471,27.9453960628785,9.344118737,2.901787862,1.784139695,"31","18"
"species",4,4,122.403571523442,1287.26569880236,29.1008928808605,9.344118737,2.901787862,1.784139695,"31","12"
"species",5,5,87.3885534352483,797.133840875366,28.6466556302408,12.86835577,7.555277427,0,"32","11"
"species",6,6,125.915855547917,824.684296247898,26,45.5486725,2.225169257,8.847710058,"31","12"
"species",7,7,138.685912772187,786.71688196034,27.3639115619109,14.4730961,0,24.17657341,"31","13"
"species",8,8,140.136354060822,798.630441230387,27,25.95802664,0,9.768812952,"31","18"
"species",9,9,144.014616040388,798.169456145894,27,23.87814493,0,26.38952649,"31","18"
"species",10,10,131.889518064657,1972.68076790616,32,0,141.1877689,16.43710807,"31","18"
"species",11,11,146.48204049619,791.248599468874,26.4257035177849,56.43464358,0,18.91236981,"31","18"
"species",12,12,139.009878924026,808.654850192117,26,56.43464358,0,18.91236981,"31","13"
"species",13,13,139.591301123523,798.660178044835,27,52.57030574,0.363637888,32.77363522,"31","18"
"species",14,14,128.15149224407,1473.62673144889,29,29.89428818,10.39828208,40.65660905,"31","18"
"species",15,15,148.002721907335,786.323109146634,26.6670732272637,56.43464358,0,18.91236981,"31","18"
"species",16,16,151.337473975476,794.193893372675,26,56.43464358,0,18.91236981,"31","18"
"species",17,17,138.903018524392,795.788369647155,27.4540840418642,25.95802664,0,9.768812952,"31","18"
"species",18,18,148.056211545186,790.467839785545,26.7497996482026,56.43464358,0,18.91236981,"31","18"
"species",19,19,145.808976342958,789.676865085784,26,56.43464358,0,18.91236981,"31","18"
"species",20,20,147.538455881531,812.264884977187,25.8823521307554,71.33638992,0,32.84966157,"31","13"
"species",21,21,135,2259,35,0,70.63825139,0,"32","18"
"species",22,22,147,794.064767580992,26,32.64602464,0.625730858,19.90423045,"31","18"
"species",23,23,139.785426429514,800.002012420074,27,25.95802664,0,9.768812952,"31","13"
"species",24,24,146.368890413894,772.355230442857,27,62.64905485,0,13.92362896,"31","18"
"species",25,25,149.366692691918,799.147999363336,26,22.15633986,0,34.33040745,"31","13"
"species",26,26,141.331902059679,804.047396066325,26,56.43464358,0,18.91236981,"31","13"
"species",27,27,114.204476373189,1313.13394262785,27.9230616298432,9.344118737,2.901787862,1.784139695,"31","18"
"species",28,28,147.137922073811,817.353989657556,25.0740332389646,101.7993229,0,101.0762985,"31","12"
"species",29,29,152.935114950666,769.533835127946,27,42.73592039,0,43.93649877,"31","11"
"species",30,30,108.567419656279,1281.8253911336,31.0148083832771,0,93.24327582,9.545271324,"32","18"
"species",31,31,146.446668026501,829.093252201446,25,59.47566632,0,35.29766864,"31","18"
"species",32,32,141.000666197287,778.57371914006,26.9530795915315,27.53508285,8.568839358,31.79996258,"31","13"
"species",33,33,121.706391750077,1132.06242401161,31,1.500546841,37.81767443,4.921665901,"31","18"
"species",34,34,133.533747480319,690.701443493007,34,84.29103591,2.929292738,35.87541889,"31","13"
"species",35,35,140.310203806134,779.457092979359,26.8957557156659,27.53508285,8.568839358,31.79996258,"31","13"
"species",36,36,137.999683427886,1138.89610017605,27,31.32926682,9.294859902,16.81234848,"31","13"
"species",37,37,126.558450720683,1796.73013428831,30.6131503272897,23.91464734,22.28369529,15.85436311,"31","18"
"species",38,38,152.998373872167,804.105813659827,26,52.42805035,0,92.6719687,"31","13"
"species",39,39,149.163929079364,806.508212761908,25.5819645396821,69.53884645,0,31.96862846,"31","13"
"species",40,40,149.144030333639,819.172582965759,25.024885240715,59.47566632,0,35.29766864,"31","13"
"species",41,41,153.482285193965,746.442081529046,26,24.10430486,10.37656872,60.73339464,"33","18"
"species",42,42,152.009151275728,805.00451915678,26,98.01839732,0,77.66208651,"31","12"
"species",43,43,147.136776488769,791.034927298154,26.2755620959779,56.43464358,0,18.91236981,"31","18"
"species",44,44,151.132951730749,811.882472434646,25.5482296503327,98.01839732,0,77.66208651,"31","12"
"species",45,45,153.044257873157,805.778717421431,26,98.01839732,0,77.66208651,"31","18"
"species",46,46,151.988665894092,810.968616405156,26,98.01839732,0,77.66208651,"31","12"
"species",47,47,143.232291531998,768.454688106009,27.0102986064707,62.64905485,0,13.92362896,"31","18"
"species",48,48,147.957672436473,756.059054341444,26.4236512421193,58.39228437,13.61861029,41.98948722,"31","18"
"species",49,49,152.349884626328,805.09600571923,27.5785786310043,29.46682025,13.13958428,33.29227205,"31","18"
"species",50,50,149.842663773038,817.448318652459,25.4324690697304,98.01839732,0,77.66208651,"31","12"
"species",51,51,150.77726355638,802.087180304615,26,67.31210855,0,41.20556595,"31","13"
"species",52,52,151.931002802256,793.360905290037,26,67.31210855,0,41.20556595,"31","18"
"species",53,53,153.148773664521,769.256131677395,27.0743868322605,42.73592039,0,43.93649877,"31","18"
"species",54,54,141.364794549099,774.172551974591,27,44.05497245,6.614368484,22.79335791,"31","13"
"species",55,55,140.644897385087,775.993742863031,27,44.05497245,6.614368484,22.79335791,"31","13"
"species",56,56,148.678963354106,766.763101459369,28.2018411152133,25.95802664,0,9.768812952,"31","18"
"species",57,57,149,812.607797098357,25.8480507254108,98.01839732,0,77.66208651,"31","13"
"species",58,58,133.674792236537,782.75451177838,28,45.5486725,2.225169257,8.847710058,"31","18"
"species",59,59,106.871135029659,1610.04962139909,31.3274983874565,0,170.8838525,5.009000168,"32","18"
"species",60,60,125.086592681924,616.625639921186,40,48.81981365,2.860633235,1.919436692,"31","18"
"species",61,61,152.879998010617,798.120616337619,26,67.31210855,0,41.20556595,"31","13"
"species",62,62,142.861778969017,750.094273009828,28,21.2716249,0,8.598150054,"31","18"
"species",63,63,149.444146282171,801.825168617148,26,25.95802664,0,9.768812952,"31","12"
"species",64,64,156.052073671494,742.310568766534,26.5260368357469,24.10430486,10.37656872,60.73339464,"31","18"
"species",65,65,150.380281279453,760.056318217163,26,24.10430486,10.37656872,60.73339464,"31","18"
"species",66,66,111.704513794824,1595.8093327297,31.4480747509731,0,170.8838525,5.009000168,"32","18"
"species",67,67,149,811.381465424693,26,98.01839732,0,77.66208651,"31","12"
"species",68,68,101.312018907774,1372.98862994498,26.532266278554,9.344118737,2.901787862,1.784139695,"33","13"
"species",69,69,141.990320895948,772.334112203743,27,44.05497245,6.614368484,22.79335791,"31","13"
"species",70,70,141.770586114842,799.93280291661,26,56.43464358,0,18.91236981,"31","13"
"species",71,71,150.414858558867,806.392597041911,26,98.01839732,0,77.66208651,"31","13"
"species",72,72,105.446228696652,1038.08873545989,26.2365944267949,23.84674571,8.804251692,2.249154622,"31","11"
"species",73,73,149.264423398958,817.45567556751,25.253681725366,67.31210855,0,41.20556595,"31","12"
"species",74,74,120.755715404058,1329.64085488145,27,21.70710799,6.043681012,9.739136656,"31","13"
"species",75,75,149.499795695647,809.094013699896,26,82.84455655,0,106.3904331,"31","18"
"species",76,76,151.678547090764,807.249864580684,25.7322470393613,98.01839732,0,77.66208651,"31","12"
"species",77,77,149.448370536579,801.596576239518,26,25.95802664,0,9.768812952,"31","12"
"species",78,78,151.469712929848,805.123894812114,25.9928033982811,67.31210855,0,41.20556595,"31","12"
"species",79,79,149.008417669619,819.635769476218,25,98.01839732,0,77.66208651,"31","12"
"species",80,80,149.222676873313,809.601887136238,26,98.01839732,0,77.66208651,"31","18"
"species",81,81,104.84870362249,1355.7296101383,27,9.344118737,2.901787862,1.784139695,"31","13"
"species",82,82,113.73540529107,1316.60679359697,30.2514551180519,1.557689311,123.5482997,24.10076593,"32","18"
"species",83,83,112.549710813363,979.708794494206,27.8299277916398,23.84674571,8.804251692,2.249154622,"31","12"
"species",84,84,151.197636391704,792.761109106284,26.0096356545145,25.95802664,0,9.768812952,"31","18"
"species",85,85,142.547183731593,643.936875055665,35,61.71447547,2.220604501,25.05913131,"31","18"
"species",86,86,132.629014644696,806.107962859568,26,27.53508285,8.568839358,31.79996258,"31","18"
"species",87,87,149.241633433214,762.982517779687,26,24.10430486,10.37656872,60.73339464,"31","11"
"species",88,88,153.328728513913,805.458123049934,26,98.01839732,0,77.66208651,"31","12"
"species",89,89,150.721497982825,813.047177957769,26,98.01839732,0,77.66208651,"31","13"
"species",90,90,148.879822028336,811.981631449243,26,82.84455655,0,106.3904331,"31","18"
"species",91,91,139.343341758374,729.956724068392,29,51.74144646,1.630122359,10.57013525,"31","18"
"species",92,92,154.088287281538,749.947797973292,26.3398379058077,24.10430486,10.37656872,60.73339464,"31","18"
"species",93,93,142.141418955021,766.335202195894,27.3992735978986,45.5486725,2.225169257,8.847710058,"31","13"
"species",94,94,132.876740240645,1442.56462968523,30,29.89428818,10.39828208,40.65660905,"31","18"
"species",95,95,150.654055449326,815.687123230559,25.3341765308469,98.01839732,0,77.66208651,"31","12"
"species",96,96,151.271964463064,747.918270887369,26,66.99028899,10.03937061,122.8613909,"31","18"
"species",97,97,152.321052765972,804.130949225046,26,98.01839732,0,77.66208651,"31","13"
"species",98,98,118.738152595664,1868.45115208812,33.907833344852,0,118.3072847,0,"31","18"
"species",99,99,146.698458612209,801.579437040794,26,82.09591305,1.771473717,64.80229272,"31","18"
"species",100,100,148.885007793013,815.535371151145,25.2598974709481,98.01839732,0,77.66208651,"31","12"
"species",101,101,136.714106262342,1723.1723092191,31.3340362541591,23.91464734,22.28369529,15.85436311,"31","18"
"species",102,102,122.930576756956,1852.86358865587,30.6770229866602,7.143408773,2.660643649,3.604791242,"31","11"
"species",103,103,107.76754282073,767.376888389203,26,20.2554799,15.6438953,4.679748147,"32","13"
"species",104,104,101.595539962463,781.40269436294,26,20.2554799,15.6438953,4.679748147,"32","11"
"species",105,105,147.162914138245,809.143372580986,25.5963557100962,22.15633986,0,34.33040745,"31","18"
"species",106,106,140.618150433953,792.403134599269,26.6084797899252,52.57030574,0.363637888,32.77363522,"31","18"
"species",107,107,147.904905081003,814.247461182021,25.6566313997019,101.7993229,0,101.0762985,"31","18"
"species",108,108,128.781550328694,1789.97637392082,31.9096121101348,5.036318203,23.6999329,19.29514959,"31","18"
"species",109,109,142.661741893376,786.116946707653,27.4479986403577,25.95802664,0,9.768812952,"31","18"
"species",110,110,148.274320468186,767.093848772649,26,24.10430486,10.37656872,60.73339464,"31","18"
"species",111,111,137.358507583367,1417.48101562559,30.6382432589718,34.46662462,11.40561204,30.23207331,"31","18"
"species",112,112,124.586521836319,1637.26379574064,29.3914633792751,32.1551517,12.60185313,10.94655331,"32","18"
"species",113,113,127.542020150723,1621.20677728988,29.7943787982089,32.1551517,12.60185313,10.94655331,"32","18"
"species",114,114,129.298355241078,924.068060243583,30.6089586495433,23.84674571,8.804251692,2.249154622,"31","18"
"species",115,115,118.94545154465,1509.38059988735,32,0,78.01781876,0,"31","18"
"species",116,116,124.289315193358,1204.47231126672,27.0085451559819,16.94876747,6.502416008,5.657901198,"31","18"
"species",117,117,109.946358096526,1003.37397397739,27.1790851777699,23.84674571,8.804251692,2.249154622,"31","11"
"species",118,118,145.95955222857,818.204173400086,25,40.43093514,0,0,"31","18"
"species",119,119,147.393572267997,802.216054751546,26.1456915108894,25.95802664,0,9.768812952,"31","13"
"species",120,120,140.558859432326,785.936450771745,27,8.23719688,0,49.22957768,"31","18"
"species",121,121,139.216505555964,804.193916994701,27,25.95802664,0,9.768812952,"31","13"
"species",122,122,142.744113124065,779.531529464026,27,32.64602464,0.625730858,19.90423045,"31","18"
"species",123,123,136.755894404633,809.009961306441,26.4878105407388,25.95802664,0,9.768812952,"31","18"
"species",124,124,151.39685573025,772.801056756281,28,25.95802664,0,9.768812952,"31","18"
"species",125,125,139.857541217686,696.639856525402,31.2865161721536,43.93810744,0.962892886,7.912545932,"31","13"
"species",126,126,141.40416245906,692.590248700897,32,56.67605608,0.693237914,8.419702182,"33","18"
"species",127,127,141.284688449353,756.65637628085,28.0571663160933,47.54749112,7.159377437,31.17824254,"31","12"
"species",128,128,139.099847452315,779.959210983546,27,44.05497245,6.614368484,22.79335791,"31","13"
"species",129,129,120.922888512045,851.689140681165,25,45.5486725,2.225169257,8.847710058,"31","11"
"species",130,130,148.34186333123,776.765628610954,27.0720978057349,36.73246483,7.237559382,26.88021893,"31","12"
"species",131,131,149.946526719626,819.442885391856,27.4557114608144,29.46682025,13.13958428,33.29227205,"31","18"
"species",132,132,116.934527875234,957.71907465229,28.5797710450237,23.84674571,8.804251692,2.249154622,"31","12"
"species",133,133,144.424063743584,757.099174237645,27.9243864860325,45.5486725,2.225169257,8.847710058,"31","13"
"species",134,134,144.111224934573,767.065681029841,27,27.53508285,8.568839358,31.79996258,"31","13"
"species",135,135,149.477887718341,721.639355911347,30.3174449301014,43.09401964,3.291684299,11.34326558,"31","18"
"species",136,136,143.560565072382,826.885188632484,25,56.43464358,0,18.91236981,"31","12"
"species",137,137,147.390122571359,793.67402912541,26,56.43464358,0,18.91236981,"31","12"
"species",138,138,152.108304130502,791.762603247485,26.8266078915268,46.60420648,0,39.17939394,"31","18"
"species",139,139,118.409770462685,1479.9303336382,28.5524642047022,13.86855208,1.104477728,3.649778544,"31","12"
"species",140,140,103.211941382052,1857.39818800628,29.0056043156583,7.143408773,2.660643649,3.604791242,"32","11"
"species",141,141,148.668701439881,865.031244835105,28,19.1553829,9.796781944,25.34703532,"31","13"
"species",142,142,133.681463636295,1062.21485276869,27.4262234911261,16.94876747,6.502416008,5.657901198,"31","11"
"species",143,143,126.713573259016,1667.90056423553,30,35.04557233,34.11215635,42.60301672,"33","18"
"species",144,144,100.068384866386,1271.88132214325,25.0151214984895,16.20637067,2.808924299,2.267648925,"32","11"
"species",145,145,98.6065810263862,1464.18958331402,27.2486964233961,6.193128294,1.270061486,0,"32","11"
"species",146,146,133.089191109227,1212.57542685854,27,31.32926682,9.294859902,16.81234848,"31","12"
"species",147,147,127.393113247498,1266.70038976091,28.9059879784949,16.20637067,2.808924299,2.267648925,"31","13"
"species",148,148,149.950039837789,809.335978719226,25,49.39634193,0,27.3928874,"31","18"
"species",149,149,151.779493667441,798.144375944214,25.9891258571397,97.88517845,0,55.73232844,"31","18"
"species",150,150,149.032497813093,806.967502186907,26,69.53884645,0,31.96862846,"31","12"
"species",151,151,152,796.075571216563,26,69.53884645,0,31.96862846,"31","18"
"species",152,152,145.980603484979,789.847618282671,26,38.72517976,0,8.713672224,"31","18"
"species",153,153,145.858952272203,788.811024792892,26,38.72517976,0,8.713672224,"31","18"
"species",154,154,148.747647824944,790.570545083715,26,52.57030574,0.363637888,32.77363522,"31","13"
"species",155,155,110.981536552257,1467.04189664085,32.6637066453193,0,73.449384,0,"32","18"
"species",156,156,119.619533748447,1434.74949895833,32.9076323552732,0,73.449384,0,"32","18"
"species",157,157,143.801155951278,788.901408028001,26.8011559512784,56.43464358,0,18.91236981,"31","13"
"species",158,158,143.95451520393,801.09096959214,26,56.43464358,0,18.91236981,"31","13"
"species",159,159,147.258663950982,800.32911915031,26,56.43464358,0,18.91236981,"31","13"
"species",160,160,101.79953530237,1466.67975681259,27.6473110149793,6.193128294,1.270061486,0,"32","11"
"species",161,161,136.140528395835,801.755233912227,27,25.95802664,0,9.768812952,"31","18"
"species",162,162,133.152211805725,755.522567999273,29.649908646299,63.27551572,2.493425199,5.000280052,"31","18"
"species",163,163,129.880387084958,745.314160794791,30.9858644983171,21.2716249,0,8.598150054,"31","18"
"species",164,164,141,797.382782724072,26,56.43464358,0,18.91236981,"31","18"
"species",165,165,148.745208573292,754.540241106444,26.6094131152429,45.48785783,33.89613967,19.91579349,"31","18"
"species",166,166,137.148058518709,1154.88218203785,28.4433275253532,31.32926682,9.294859902,16.81234848,"31","13"
"species",167,167,118.863260927639,2020.28943912376,33.485401307974,0.617597504,13.06434867,0,"32","18"
"species",168,168,152.53716498097,792.593533359101,26,69.53884645,0,31.96862846,"31","18"
"species",169,169,147.420475820331,807.571531212084,25.5117982667591,69.53884645,0,31.96862846,"31","13"
"species",170,170,152.282497395644,808.870263680296,26,59.47566632,0,35.29766864,"31","12"
"species",171,171,152.454202499139,806.927126856935,26,52.42805035,0,92.6719687,"31","12"
"species",172,172,160.133990384423,753.341170631875,26.7522860716185,32.74919234,0,95.35268329,"31","11"
"species",173,173,151.831315800692,793.183877312064,26,67.31210855,0,41.20556595,"31","18"
"species",174,174,152.116945258373,800.385609773497,26,97.88517845,0,55.73232844,"31","18"
"species",175,175,149.300238108285,808.213755948022,25.8107507429616,82.84455655,0,106.3904331,"31","13"
"species",176,176,135.765496131277,778.065643672021,27.5752525611703,45.5486725,2.225169257,8.847710058,"31","12"
"species",177,177,136.531644160647,702.021457773108,32,43.93810744,0.962892886,7.912545932,"31","13"
"species",178,178,112.772872463504,1427.57338337304,31,0,136.3807521,14.96783447,"32","18"
"species",179,179,104.997651490547,1363.9626316776,30.9232716956371,0,93.24327582,9.545271324,"32","18"
"species",180,180,131.623670433043,770.916427845601,29,12.25076914,0,9.991459665,"31","13"
"species",181,181,123.913965769847,1294.33445469224,28.778463837832,16.20637067,2.808924299,2.267648925,"31","13"
"species",182,182,151.852114693496,804.314436693069,25.8550319403429,67.31210855,0,41.20556595,"31","18"
"species",183,183,150.907763352904,813.984823861965,25.638450473974,98.01839732,0,77.66208651,"31","12"
"species",184,184,115.363284145641,1493.53153744676,31.2883293597756,0,136.3807521,14.96783447,"32","18"
"species",185,185,114.414584938486,1406.93261715557,31.4336561994531,0,136.3807521,14.96783447,"32","18"
"species",186,186,109.533420583223,1349.79439227091,31.9050463359347,0,93.24327582,9.545271324,"32","18"
"species",187,187,115.608631838912,1449.05472379956,32,0,78.01781876,0,"31","18"
"species",188,188,118.396786614285,1273.07186150357,32.148329311459,0,93.24327582,9.545271324,"32","18"
"species",189,189,144.123888681686,779.14254190861,27,52.57030574,0.363637888,32.77363522,"31","13"
"species",190,190,145.784674915505,799.341091888571,26,38.72517976,0,8.713672224,"31","13"
"species",191,191,152.959866589601,799.66200856796,26,88.79814137,0,97.69949443,"31","18"
"species",192,192,144.062094033672,751.619143049602,28,45.5486725,2.225169257,8.847710058,"31","12"
"species",193,193,141.013429804941,776.203446317781,28,14.4730961,0,24.17657341,"31","18"
"species",194,194,151.081474465486,800.169774265315,26,69.53884645,0,31.96862846,"31","12"
"species",195,195,148.291912253452,813.977575356036,25.9044193599053,82.84455655,0,106.3904331,"31","12"
"species",196,196,138.549173474009,777.302328646765,27.7210485494752,45.5486725,2.225169257,8.847710058,"31","13"
"species",197,197,111.603873015969,1442.9022498789,31.7741278018632,0,93.24327582,9.545271324,"32","18"
"species",198,198,104.163760579072,1697.74599374728,31,0,170.8838525,5.009000168,"32","13"
"species",199,199,106.675486611485,1341.2697643461,31.0184301764821,0,93.24327582,9.545271324,"32","18"
"species",200,200,99.5110063884535,1444.81008896129,31.018972109182,0,73.449384,0,"32","18"
"species",201,201,141.773515813391,772.937318105527,27.207684048794,27.53508285,8.568839358,31.79996258,"31","13"
"species",202,202,151.426741554293,795.719608151013,25.8579364628942,46.60420648,0,39.17939394,"31","18"
"species",203,203,150.304786606204,795.421697801342,26.0933485166193,25.95802664,0,9.768812952,"31","12"
"species",204,204,120.428714330394,1540.76451302071,32,0,149.1722764,11.5865529,"31","18"
"species",205,205,123.970432305344,1489.32524464122,32,0,78.01781876,0,"32","18"
"species",206,206,105.760195991325,1550.59733013879,32,0,73.449384,0,"32","11"
"species",207,207,138.495963307077,782.582777678748,27,44.05497245,6.614368484,22.79335791,"31","13"
"species",208,208,147.060033971697,755.967980762735,27,27.53508285,8.568839358,31.79996258,"31","13"
"species",209,209,138.717495154191,784.670354229625,26.4382317205485,44.05497245,6.614368484,22.79335791,"31","18"
"species",210,210,147.057188236367,798.242302806017,26,82.09591305,1.771473717,64.80229272,"31","18"
"species",211,211,158.035353065176,790.293128069231,26.4108415715177,59.47566632,0,35.29766864,"31","18"
"species",212,212,145.478438615186,774.259758790879,25.4003477145981,66.99028899,10.03937061,122.8613909,"31","11"
"species",213,213,121.11926485887,777.537803031353,30.0323237195402,40.50443511,6.059374237,17.46115839,"31","13"
"species",214,214,125.879706477755,1592.82157412437,34,0,173.5961919,0,"32","18"
"species",215,215,155.020093846914,740.067660940354,26,24.10430486,10.37656872,60.73339464,"31","18"
"species",216,216,147.782327581668,753.170593174828,27.5278801044728,27.53508285,8.568839358,31.79996258,"31","13"
"species",217,217,150.402105857931,746.394196366697,27.400901468678,27.53508285,8.568839358,31.79996258,"31","18"
"species",218,218,143.17783873582,769.706311421629,26.4983559356828,27.53508285,8.568839358,31.79996258,"31","12"
"species",219,219,139.354719480306,750.189596110216,28.4552076516595,51.74144646,1.630122359,10.57013525,"31","18"
"species",220,220,145.48358057302,729.444491623676,29,51.74144646,1.630122359,10.57013525,"31","18"
"species",221,221,135.587706329157,737.091942378762,29,51.74144646,1.630122359,10.57013525,"31","18"
"species",222,222,135.94164455363,672.216770225113,34,61.71447547,2.220604501,25.05913131,"31","12"
"species",223,223,146.868739181398,840.023289418007,27.4711514623838,27.00672829,9.836987784,5.031787593,"31","13"
"species",224,224,120.690763401677,1721.50771833367,33.3498859060593,0,106.7198485,0,"31","18"
"species",225,225,150.13163363662,782.031421769067,27.0826774516171,25.95802664,0,9.768812952,"31","18"
"species",226,226,157.041556446952,757.404653778819,26.0913649462679,50.54217048,0,48.52011888,"31","11"
"species",227,227,147.607307354164,807.148519723695,25.7549835393111,22.15633986,0,34.33040745,"31","13"
"species",228,228,132.583477080629,693.320958851721,32.4960127309978,56.67605608,0.693237914,8.419702182,"31","13"
"species",229,229,157.215719638354,733.839741386309,27.7026199397257,31.85973964,0,56.85620261,"32","18"
"species",230,230,145.283163211053,764.234732331645,28.0089227991999,41.46017928,8.191929972,30.12976851,"31","18"
"species",231,231,126.08420124497,822.188930541677,26.2383177996922,45.5486725,2.225169257,8.847710058,"31","12"
"species",232,232,147.573570504031,1199.0838280288,29,19.11748049,24.86211893,48.47216146,"31","11"
"species",233,233,138.60988778518,764.243487544509,28,51.74144646,1.630122359,10.57013525,"31","18"
"species",234,234,113.236551463819,1500.07321332056,32.9403526393681,0,73.449384,0,"32","18"
"species",235,235,119.807265853366,768.52453635535,30.0052736120929,21.2716249,0,8.598150054,"31","18"
"species",236,236,148.88839024308,809.159267875595,25.9849828764213,69.53884645,0,31.96862846,"31","13"
"species",237,237,138.965365448444,731.347848915384,29,51.74144646,1.630122359,10.57013525,"31","18"
"species",238,238,141.484097184183,750.943728556581,28.8841180545534,21.2716249,0,8.598150054,"31","18"
"species",239,239,144.861663555832,796.868866472046,26.225398446882,56.43464358,0,18.91236981,"31","18"
"species",240,240,125.658333113365,1420.91479354171,32,0,136.3807521,14.96783447,"32","18"
"species",241,241,152.057824688406,788.19553577101,26,69.53884645,0,31.96862846,"31","13"
"species",242,242,124.527609265735,2199.01260578917,33,0,158.0202972,0,"32","18"
"species",243,243,151.008966828731,792.453718591823,26,69.53884645,0,31.96862846,"31","18"
"species",244,244,151.32216064685,791.726313227062,26,69.53884645,0,31.96862846,"31","18"
"species",245,245,150.907746676421,817.907746676421,25.9077466764209,59.47566632,0,35.29766864,"31","11"
"species",246,246,132.342885978141,2185.56103236489,33,0,131.9382512,0,"31","18"
"species",247,247,139.877814574052,796.693328831288,26.5908817757681,52.57030574,0.363637888,32.77363522,"31","18"
"species",248,248,147.768174286462,754.686428365599,27,27.53508285,8.568839358,31.79996258,"31","13"
"species",249,249,150.686266126211,801.759123433769,26,67.31210855,0,41.20556595,"31","18"
"species",250,250,151.67835305807,751.191394213987,26,28.31384118,2.682683834,71.77863918,"31","13"
"species",251,251,138.471282422022,764.970004063279,29,12.25076914,0,9.991459665,"31","18"
"species",252,252,148.185770562678,758.136052884894,27,27.53508285,8.568839358,31.79996258,"31","13"
"species",253,253,120.40968587496,1142.70818745926,31.9136847880654,1.500546841,37.81767443,4.921665901,"32","18"
"species",254,254,120.589948133104,932.280558985101,29.4651746127444,23.84674571,8.804251692,2.249154622,"31","12"
"species",255,255,144.61972551981,716.577475945637,30,43.93810744,0.962892886,7.912545932,"31","18"
"species",256,256,126.250974108896,734.950028842983,31.3601630887796,16.02850254,5.105519101,1.518623386,"31","18"
"species",257,257,150.104120645782,794.515868527455,26,69.53884645,0,31.96862846,"31","13"
"species",258,258,131.785276059785,818.809096584408,25.8658638328042,45.5486725,2.225169257,8.847710058,"31","18"
"species",259,259,131.247305083338,756.981149274604,29.7909722386243,63.27551572,2.493425199,5.000280052,"31","13"
"species",260,260,121.506198589104,1318.88185836025,31.9653978120409,0,136.3807521,14.96783447,"32","18"
"species",261,261,141.380299949061,828.155838933038,25,69.53884645,0,31.96862846,"31","13"
"species",262,262,139.635415049677,746.540521262066,30.0628828795263,44.86145394,1.250604749,30.91417916,"31","18"
"species",263,263,138.346196438001,1410.48031795393,30.7343274093618,34.46662462,11.40561204,30.23207331,"31","18"
"species",264,264,100.589054529405,1428.44944756798,27.0696727074669,6.193128294,1.270061486,0,"32","12"
"species",265,265,131.759466322222,1479.34954752985,30,13.86855208,1.104477728,3.649778544,"31","13"
"species",266,266,142.648728644227,749.776859498368,28,62.64905485,0,13.92362896,"31","18"
"species",267,267,108.471614428568,1446.34640009125,31.9409688464078,0,93.24327582,9.545271324,"32","18"
"species",268,268,131.638996704089,809.061044459777,27,23.87814493,0,26.38952649,"31","13"
"species",269,269,117.618783098081,1475.98885490156,31.9756400789647,0,78.01781876,0,"31","18"
"species",270,270,122.32297823643,1868.22665706874,33.6002415744425,1.872004369,36.28814085,0,"32","18"
"species",271,271,111.333624592515,1911.2633701406,33.7827104761444,0,118.3072847,0,"31","18"
"species",272,272,146.959465199643,788.721028122794,26,38.72517976,0,8.713672224,"31","18"
"species",273,273,148.564845800863,811.356113799003,25.7824229004314,82.84455655,0,106.3904331,"31","13"
"species",274,274,156.019253096265,792.113592800559,26.4680055060772,59.47566632,0,35.29766864,"31","18"
"species",275,275,142.062491175102,764.828965525097,27.6600951888559,45.5486725,2.225169257,8.847710058,"31","18"
"species",276,276,135.607205787007,1932.56377355788,32,0,82.40275501,0,"31","18"
"species",277,277,159.364483794813,746.608873769376,25.9326486776772,38.26220221,0,83.33274881,"31","18"
"species",278,278,116.255137563503,1422.00355556805,32,0,78.01781876,0,"31","11"
"species",279,279,153.299717543271,760.164623388905,27.2056643066221,36.73246483,7.237559382,26.88021893,"31","18"
"species",280,280,134.90305566088,1388.26405807003,30,29.89428818,10.39828208,40.65660905,"31","13"
"species",281,281,102.875049417057,1284.23191039402,30.4113699527687,0,93.24327582,9.545271324,"32","18"
"species",282,282,146.375690140302,971.957758289929,27.5121569844137,23.89748014,23.86313203,45.86903182,"31","13"
"species",283,283,109.781734523587,1570.46002852517,31.5936365213352,0,149.1722764,11.5865529,"32","13"
"species",284,284,99.9373681105603,1316.98365262466,30.2205048737923,0,93.24327582,9.545271324,"32","18"
"species",285,285,124.616074531801,1290.96116940216,32,0,136.3807521,14.96783447,"32","18"
"species",286,286,109.795915812523,1362.20801663682,31.9920417640626,0,93.24327582,9.545271324,"32","18"
"species",287,287,106.936219006379,1586.18669263847,32,0,173.5961919,0,"32","11"
"species",288,288,149.633217384577,810.797018395166,25.8903395681244,98.01839732,0,77.66208651,"31","12"
"species",289,289,148.696271815024,813.41850107563,25.5885436217828,98.01839732,0,77.66208651,"31","12"
"species",290,290,151.764637954248,806.558349714581,25.9599403841475,98.01839732,0,77.66208651,"31","12"
"species",291,291,117.201143512589,1468.96038618039,27.9784606938544,13.86855208,1.104477728,3.649778544,"31","12"
"species",292,292,113.819263125206,1320.83367186059,27.0280173924873,16.20637067,2.808924299,2.267648925,"31","12"
"species",293,293,157.069204921216,770.5693312188,26.0230683070719,62.2622717,0,44.70750139,"31","12"
"species",294,294,151.127131902309,807.616057247155,25.3958505666778,67.31210855,0,41.20556595,"31","13"
"species",295,295,151.52999071867,786.957956439034,26,69.53884645,0,31.96862846,"31","18"
"species",296,296,147.768978194577,785.231021805423,26.231021805423,56.43464358,0,18.91236981,"31","11"
"species",297,297,147.83895676484,817.890016109447,25.2702598066086,98.01839732,0,77.66208651,"31","12"
"species",298,298,150.839868540068,792.842508195153,26,69.53884645,0,31.96862846,"31","13"
"species",299,299,148.923860788274,802.076139211726,26,69.53884645,0,31.96862846,"31","13"
"species",300,300,151.051809447979,792.762494270804,26,69.53884645,0,31.96862846,"31","18"
"species",301,301,148.461627858294,807.192882523612,25.7137704657397,69.53884645,0,31.96862846,"31","18"
"species",302,302,151.635229598514,807.614760667188,25.9947020624842,98.01839732,0,77.66208651,"31","12"
"species",303,303,149.076945155087,813.139256006062,25.6299085286764,98.01839732,0,77.66208651,"31","13"
"species",304,304,150.673839018947,813.470079790937,25.9280405950577,98.01839732,0,77.66208651,"31","12"
"species",305,305,151.845033397173,805.973045381957,26,98.01839732,0,77.66208651,"31","13"
"species",306,306,152.899590680195,804.702865238633,26,98.01839732,0,77.66208651,"31","12"
"species",307,307,119.999379965094,1848.63788761321,30,7.143408773,2.660643649,3.604791242,"31","11"
"species",308,308,150.835581236616,765.410056670112,26,24.10430486,10.37656872,60.73339464,"31","18"
"species",309,309,150.730758869488,805.297515342711,25.1374474681467,69.53884645,0,31.96862846,"31","18"
"species",310,310,148,814.620428259013,25.5862610205617,69.53884645,0,31.96862846,"31","12"
"species",311,311,147.468382851999,811.994251981858,25.9245149552094,49.39634193,0,27.3928874,"31","12"
"species",312,312,147.418567269187,822.12996570136,25,67.31210855,0,41.20556595,"31","12"
"species",313,313,150.198204120287,822.055144257876,25,59.47566632,0,35.29766864,"31","18"
"species",314,314,151.36154538463,805.071098310156,25.9560524191557,67.31210855,0,41.20556595,"31","18"
"species",315,315,151.489076834767,808.967047719857,26,98.01839732,0,77.66208651,"31","12"
"species",316,316,107.028680204331,1405.86510411984,31.8594962404008,0,73.449384,0,"32","18"
"species",317,317,101.316725361566,1422.86985951442,27.1583626807831,6.193128294,1.270061486,0,"32","11"
"species",318,318,112.897957970849,1353.198500255,32,0,73.449384,0,"32","18"
"species",319,319,117.2744435596,1571.14654043646,32.0934835642723,0,173.5961919,0,"32","11"
"species",320,320,150.016735950148,806.140082888818,25.9832640498524,101.7993229,0,101.0762985,"31","18"
"species",321,321,137.999221144184,792.225483830186,27,8.23719688,0,49.22957768,"31","18"
"species",322,322,146.39426408498,828.821696707676,25,67.31210855,0,41.20556595,"31","12"
"species",323,323,137.994114030761,780.824698340279,27.1346194083365,45.5486725,2.225169257,8.847710058,"31","18"
"species",324,324,134.065035642399,781.16267641126,28,45.5486725,2.225169257,8.847710058,"31","13"
"species",325,325,138.600423467821,780.596581255974,27,45.5486725,2.225169257,8.847710058,"31","13"
"species",326,326,128.033304848056,766.866039138525,29.5085115793269,63.27551572,2.493425199,5.000280052,"31","13"
"species",327,327,153.68316287379,752.419860534811,27,20.54222974,10.26753813,59.77728131,"31","18"
"species",328,328,146.988876352569,760.6127796577,27.2782679196392,27.53508285,8.568839358,31.79996258,"31","13"
"species",329,329,140.91932344088,777.143148009414,27,27.53508285,8.568839358,31.79996258,"31","13"
"species",330,330,124.538752040266,1608.6473839061,33,0,170.8838525,5.009000168,"31","18"
"species",331,331,140.453937970375,1115.00392661976,27.9050414438764,31.32926682,9.294859902,16.81234848,"31","18"
"species",332,332,134.170474119375,673.408152891681,34,61.71447547,2.220604501,25.05913131,"31","13"
"species",333,333,104.118582598249,1382.57799739144,26.749922332962,9.344118737,2.901787862,1.784139695,"33","13"
"species",334,334,153.389272973345,755.311849751716,26.963781318321,20.54222974,10.26753813,59.77728131,"31","18"
"species",335,335,112.004606113246,1075.47085852848,27.2466875559591,23.22393919,2.078638027,1.526065809,"33","11"
"species",336,336,149.052118798811,809.110567289063,25.0692650799313,67.31210855,0,41.20556595,"31","18"
"species",337,337,148.218594204217,727.653456631742,29.8720508359589,63.27551572,2.493425199,5.000280052,"31","13"
"species",338,338,151.330929545707,798.223896567045,26,67.31210855,0,41.20556595,"31","18"
"species",339,339,151.24349545968,802.332433063439,26,67.31210855,0,41.20556595,"31","18"
"species",340,340,146.241716366978,790.408530800987,26.4164644568619,38.72517976,0,8.713672224,"31","18"
"species",341,341,150.553933781154,807.391069539823,25.9450033209763,97.88517845,0,55.73232844,"31","18"
"species",342,342,143.317123298173,773.704027028839,27,27.53508285,8.568839358,31.79996258,"31","13"
"species",343,343,121.360513490909,861.145334534872,28.2816989431031,17.16661537,6.598909338,2.863393877,"31","11"
"species",344,344,149.064889303152,777.805332090544,26.967555348424,38.72517976,0,8.713672224,"31","18"
"species",345,345,94.986909471115,1615.02399627517,31.0891093138768,0,173.5961919,0,"32","11"
"species",346,346,134.311874978273,1499.45328566257,31,5.562548082,8.859660023,23.16657394,"31","12"
"species",347,347,150.18849753649,802.127007302931,25.6812828390148,67.31210855,0,41.20556595,"31","18"
"species",348,348,121.994963785427,683.017649457912,36,59.78025783,2.347089158,0,"31","12"
"species",349,349,150.451004277431,807.033081535168,25.7255021387153,67.31210855,0,41.20556595,"31","12"
"species",350,350,156.184987605215,756.252706316867,27.6781848118761,42.73592039,0,43.93649877,"31","18"
"species",351,351,145.320389099047,796.667537976277,26.8458419128147,23.87814493,0,26.38952649,"31","18"
"species",352,352,105.660233247287,1351.51079462772,27.0192993810804,9.344118737,2.901787862,1.784139695,"31","13"
"species",353,353,144.7523006079,754.335487008325,27.7676909743474,45.5486725,2.225169257,8.847710058,"31","13"
"species",354,354,128.20727767699,829.952666423204,25,45.5486725,2.225169257,8.847710058,"31","13"
"species",355,355,152.442883304752,770.373474135417,27,42.73592039,0,43.93649877,"31","11"
"species",356,356,105.048853045543,1063.74520626087,26.1566734030194,23.22393919,2.078638027,1.526065809,"31","18"
"species",357,357,118.271310029051,946.31506906553,29,23.84674571,8.804251692,2.249154622,"31","13"
"species",358,358,117.251579751005,872.780067008178,28.2387949730118,34.25057033,13.40190923,2.936689407,"31","12"
"species",359,359,113.225780829298,1498.88683351529,31.4811012976643,0,78.01781876,0,"32","18"
"species",360,360,154.456052781199,764.2822991156,27,42.73592039,0,43.93649877,"31","18"
"species",361,361,121.146648455127,933.780876825349,29.0259428707983,23.84674571,8.804251692,2.249154622,"31","13"
"species",362,362,110.673489928001,1588.6412152777,32.7947068967619,0,173.5961919,0,"32","18"
"species",363,363,132.678649989199,778.922033998079,28,63.27551572,2.493425199,5.000280052,"31","12"
"species",364,364,126.963765071063,900.985568855629,27.8278152792392,27.00672829,9.836987784,5.031787593,"31","13"
"species",365,365,143.668937377358,850.678274989946,27.4129823486349,27.00672829,9.836987784,5.031787593,"31","13"
"species",366,366,150.53678593868,801.38964218396,25.5367859386802,67.31210855,0,41.20556595,"31","18"
"species",367,367,126.806884069863,778.41291183511,29.8482446945521,25.08547726,5.882198662,0,"31","13"
"species",368,368,127.119372337699,822.437114818781,26,45.5486725,2.225169257,8.847710058,"31","12"
"species",369,369,110.15871418268,1445.24928720148,31.8200272150396,0,78.01781876,0,"32","18"
"species",370,370,143.510991675873,764.027420411608,27,44.05497245,6.614368484,22.79335791,"31","18"
"species",371,371,146.142750664824,744.031964884178,28.5845618853601,45.5486725,2.225169257,8.847710058,"31","13"
"species",372,372,141.950872039669,732.240361861377,30,63.27551572,2.493425199,5.000280052,"31","18"
"species",373,373,136.78599778303,1131.52562190296,27.0584985177418,31.32926682,9.294859902,16.81234848,"31","18"
"species",374,374,121.374173089537,1287.0551576272,29,9.344118737,2.901787862,1.784139695,"31","12"
"species",375,375,107.641404191409,1011.32035820483,27.2586662946757,23.84674571,8.804251692,2.249154622,"31","12"
"species",376,376,148.260127753886,768.650966215326,26.2958559359436,44.59782894,19.34093499,11.58562987,"31","18"
"species",377,377,129.634878506839,1922.1976244475,31.8968101998195,0,141.1877689,16.43710807,"32","18"
"species",378,378,148.046041579425,813.022950141848,25.8734209805128,101.7993229,0,101.0762985,"31","13"
"species",379,379,135.979574292055,775.779693261669,28.4289189514168,45.5486725,2.225169257,8.847710058,"31","18"
"species",380,380,135.506539387139,745.680062452689,30,63.27551572,2.493425199,5.000280052,"31","18"
"species",381,381,135.956651973016,735.731427266941,29,51.74144646,1.630122359,10.57013525,"31","18"
"species",382,382,146.677548520162,824.321516222933,25,98.01839732,0,77.66208651,"31","12"
"species",383,383,149.742623310311,808.338704055217,26,69.53884645,0,31.96862846,"31","13"
"species",384,384,144.04682895208,771.912788561289,27.1562501634477,49.08527729,0.828135374,16.24462266,"31","18"
"species",385,385,140.085094296494,1047.56278968393,28,16.94876747,6.502416008,5.657901198,"31","12"
"species",386,386,139.719605797272,770.09380667059,28,45.5486725,2.225169257,8.847710058,"31","13"
"species",387,387,154.823402047575,783.056956413906,25.9263050382518,52.42805035,0,92.6719687,"31","13"
"species",388,388,146.29006562871,838.506354139412,29.2494716255239,27.00672829,9.836987784,5.031787593,"31","13"
"species",389,389,148.111721372059,814.26656140543,25.4966983198455,101.7993229,0,101.0762985,"31","12"
"species",390,390,149.851459783548,816.157579313806,25.0525264379352,98.01839732,0,77.66208651,"31","12"
"species",391,391,149.690922878794,805.575828977355,25.728678343765,67.31210855,0,41.20556595,"31","12"
"species",392,392,128.389306098596,1518.46048573675,29.5751469032595,40.57904905,16.37098624,19.73470591,"31","13"
"species",393,393,127.648575097784,2402.45397273876,31.8450621005669,0,194.4239437,0,"31","13"
"species",394,394,131.678032253542,2402.84447448739,32,0,90.43422982,0,"32","18"
"species",395,395,139.265996025865,2179.63856571778,32,0,105.3622251,0,"31","18"
"species",396,396,134.961186845184,2081.70667771363,32,0,105.3622251,0,"32","18"
"species",397,397,128.464698146993,2277.08030696392,33,0,131.9382512,0,"31","18"
"species",398,398,132.968482356462,2182.68214085271,33,0,131.9382512,0,"31","18"
"species",399,399,113.694429618106,2633.95413825148,32,0,90.43422982,0,"31","18"
"species",400,400,135,1834.80568464146,32,0,123.9381204,0,"31","18"
"species",401,401,123.329032497015,2265.28174815181,31.8979434095005,0,105.3622251,0,"32","18"
"species",402,402,125.592281357171,2028.64660685858,31.2804976257454,0,105.3622251,0,"31","18"
"species",403,403,133.782521114187,2196.57319498823,32.8235475789086,0,131.9382512,0,"32","18"
"species",404,404,145.973523841508,966.015928655683,27.6911015985815,23.89748014,23.86313203,45.86903182,"31","18"
"species",405,405,136.221996482665,1649.25028414712,32.0146215561131,1.12732788,23.00527371,28.13261462,"32","18"
"species",406,406,126.294903715275,1908.32198169048,32,0,76.23707275,51.30239349,"32","18"
"species",407,407,125.159193926801,2050.81360055256,32.789426143465,0.28148691,27.71730315,2.140618419,"32","18"
"species",408,408,123.466969187363,637.883047574388,39,37.85877824,0,1.303659425,"31","18"
"species",409,409,119.194229274705,1355.4234341831,27.488016291904,16.20637067,2.808924299,2.267648925,"31","12"
"species",410,410,99.9340944105887,1507.32533310081,27.7852747514595,6.193128294,1.270061486,0,"32","11"
"species",411,411,105.847790921642,1495.00321269213,27.7953740468928,6.193128294,1.270061486,0,"32","11"
"species",412,412,117.883768039947,1392.30654587084,30.4322448400862,1.557689311,123.5482997,24.10076593,"31","18"
"species",413,413,117.198482173721,1569.27581088159,31.3599542466745,0,147.1212469,17.04652452,"32","18"
"species",414,414,145.853953948521,767.973619901585,27.4736730557759,52.57030574,0.363637888,32.77363522,"31","13"
"species",415,415,138,791.394573556339,27,62.64905485,0,13.92362896,"31","12"
"species",416,416,148.466490339247,790.737136875296,26.3771438541173,56.43464358,0,18.91236981,"31","12"
"species",417,417,141.3962401828,775.643361069146,27,62.64905485,0,13.92362896,"31","18"
"species",418,418,144,787.022174438526,27,56.43464358,0,18.91236981,"31","13"
"species",419,419,149,809.30503335553,26,82.84455655,0,106.3904331,"31","12"
"species",420,420,141.827012239488,781.650888291563,27,52.57030574,0.363637888,32.77363522,"31","18"
"species",421,421,134.578299181369,728.332421269596,31,73.05653124,2.040297069,9.329515213,"31","13"
"species",422,422,138.91206255294,650.695721218609,35,61.71447547,2.220604501,25.05913131,"31","18"
"species",423,423,146.882474775998,816.061474652699,25.4319909017466,71.33638992,0,32.84966157,"31","13"
"species",424,424,137.549610828956,794.53888169173,27.3288367297387,23.87814493,0,26.38952649,"31","13"
"species",425,425,106.865381447279,1014.93504420076,26.3249485084587,23.84674571,8.804251692,2.249154622,"31","12"
"species",426,426,153.134902315665,746.259184137965,27,31.85973964,0,56.85620261,"31","18"
"species",427,427,122.225784385771,1894.57212978336,31.2844618429944,1.634309011,7.173094045,7.182156319,"32","11"
"species",428,428,136.026532112843,1831.28390746605,32,0,141.1877689,16.43710807,"31","18"
"species",429,429,155.254212887123,789.179454391964,26,98.01839732,0,77.66208651,"31","18"
"species",430,430,144.727635832489,768.126295339875,27,27.53508285,8.568839358,31.79996258,"31","18"
"species",431,431,140.754225597894,778.504999036873,26.3912989651673,27.53508285,8.568839358,31.79996258,"31","12"
"species",432,432,145.324147478915,1013.25213908471,27.9888580320542,31.32926682,9.294859902,16.81234848,"31","18"
"species",433,433,115.114250882686,1361.47526250366,28.1773022593079,9.344118737,2.901787862,1.784139695,"31","12"
"species",434,434,104.929740090005,1323.35916945337,26.6787688721869,9.344118737,2.901787862,1.784139695,"33","13"
"species",435,435,116.688189173175,1356.39688204836,27,21.70710799,6.043681012,9.739136656,"32","11"
"species",436,436,128.077708415957,1803.59981034693,31,7.143408773,2.660643649,3.604791242,"32","13"
"species",437,437,112.304527752407,1537.690381136,27.680731602123,13.86855208,1.104477728,3.649778544,"33","11"
"species",438,438,98.1348221587981,1484.51800509931,27.2755284665537,6.193128294,1.270061486,0,"32","11"
"species",439,439,141.914042055245,1397.28344921771,30.8790210018032,34.46662462,11.40561204,30.23207331,"31","13"
"species",440,440,126.367327706279,1367.14411227034,28,36.34237141,3.296045727,10.23633018,"31","13"
"species",441,441,122.281166664702,1481.6207445232,28.9162608080021,13.86855208,1.104477728,3.649778544,"31","11"
"species",442,442,122.646374169085,1521.41183067303,29,13.86855208,1.104477728,3.649778544,"31","13"
"species",443,443,119.214242686064,1583.395016347,28.5331706793254,13.86855208,1.104477728,3.649778544,"31","11"
"species",444,444,117.824453429817,1603.92723169781,28.6574881976933,13.86855208,1.104477728,3.649778544,"33","11"
"species",445,445,121.468231146377,1321.40184891525,28.6227279326934,9.344118737,2.901787862,1.784139695,"31","13"
"species",446,446,130.879876251833,1243.95749935356,30,9.344118737,2.901787862,1.784139695,"33","11"
"species",447,447,92.1497371879824,1389.68961450346,24.990563033389,9.344118737,2.901787862,1.784139695,"32","11"
"species",448,448,98.6946764057792,1426.0119352741,27.2917700750706,6.193128294,1.270061486,0,"32","11"
"species",449,449,119.240659678712,1264.50883662114,28.3874809048504,9.344118737,2.901787862,1.784139695,"31","18"
"species",450,450,88.8897110265715,864.278008274789,27,15.11043496,1.843373575,0.778437432,"33","11"
"species",451,451,127.482133689251,1367.15742866648,28,36.34237141,3.296045727,10.23633018,"31","13"
"species",452,452,109.527418238015,1414.56666020235,27,16.20637067,2.808924299,2.267648925,"33","11"
"species",453,453,114.516268248709,1269.02115039128,28.1914020211075,9.344118737,2.901787862,1.784139695,"31","18"
"species",454,454,136.504700107975,942.404951655738,26.6845820902183,19.1553829,9.796781944,25.34703532,"31","13"
"species",455,455,146.31376861217,967.523933484049,27.4671281255185,23.89748014,23.86313203,45.86903182,"31","18"
"species",456,456,112.523471803079,1358.62555332693,27.8772531284786,9.344118737,2.901787862,1.784139695,"33","13"
"species",457,457,93.8946812981306,1377.0086970442,25.5291492898904,9.344118737,2.901787862,1.784139695,"32","11"
"species",458,458,96.5982257006808,1374.04980071087,26.1949139031465,9.344118737,2.901787862,1.784139695,"32","11"
"species",459,459,122.609896343073,1506.72786212216,28.9657278666947,13.86855208,1.104477728,3.649778544,"31","13"
"species",460,460,130.964377395074,1433.77587175665,29.488717406798,34.46662462,11.40561204,30.23207331,"31","13"
"species",461,461,127.840103216649,1445.88100581474,29,34.46662462,11.40561204,30.23207331,"31","18"
"species",462,462,122.919220889576,1609.49322605805,29.3749523246645,32.1551517,12.60185313,10.94655331,"31","18"
"species",463,463,133.17548796147,1391.64873792037,29.0829681247483,26.99099079,2.804594974,21.69056293,"31","13"
"species",464,464,122.450562770468,1211.93192035081,27,31.32926682,9.294859902,16.81234848,"33","13"
"species",465,465,126.043025589299,1443.62963982768,28.8538349877136,26.99099079,2.804594974,21.69056293,"31","18"
"species",466,466,157.460632967129,769.671890139823,26,62.2622717,0,44.70750139,"31","18"
"species",467,467,158.175561958158,764.252388382237,26,62.2622717,0,44.70750139,"31","12"
"species",468,468,127.014025920811,634.791700213643,38.7383284460599,37.85877824,0,1.303659425,"31","13"
"species",469,469,147.533317532866,808.00590310608,26,25.95802664,0,9.768812952,"31","13"
"species",470,470,143.885023712848,782.625392945132,26,44.59782894,19.34093499,11.58562987,"31","18"
"species",471,471,159.317037451883,767.660016134502,27,52.42805035,0,92.6719687,"31","13"
"species",472,472,151.256749238452,813.973003046192,25.8031441033791,59.47566632,0,35.29766864,"31","13"
"species",473,473,150.414221236325,806.023276290554,27.8457660634914,29.46682025,13.13958428,33.29227205,"31","13"
"species",474,474,151.269499927881,801.613563108775,27.9432365424045,29.46682025,13.13958428,33.29227205,"31","13"
"species",475,475,147.658281575859,835.871036201282,27,29.46682025,13.13958428,33.29227205,"31","18"
"species",476,476,149.79026133958,758.079365815109,28,14.4730961,0,24.17657341,"31","18"
"species",477,477,142.193474012896,727.632485424096,30.344078058248,63.27551572,2.493425199,5.000280052,"31","18"
"species",478,478,149.302124886612,683.465544580366,31,47.54749112,7.159377437,31.17824254,"31","18"
"species",479,479,128.876986308042,1755.11352331013,31.5137173684895,0,102.3380465,13.2486909,"31","18"
"species",480,480,128.398474832077,1800.69765917185,31.5367450423661,0,141.1877689,16.43710807,"31","18"
"species",481,481,135.195849410995,1699.23735530104,32,0,141.1877689,16.43710807,"32","18"
"species",482,482,152,798,26,49.39634193,0,27.3928874,"31","18"
"species",483,483,114.020565488681,1509.46875275867,27.5611514700583,13.86855208,1.104477728,3.649778544,"31","11"
"species",484,484,157,770.077250323885,26,51.28501345,0,76.99634961,"31","18"
"species",485,485,137.411491051205,1870.29567853759,32,0,95.81567055,0,"31","18"
"species",486,486,136.872083694863,1869.34890368538,31.4723424849169,0,95.81567055,0,"31","18"
"species",487,487,142.352118911023,807.621949350016,26,56.43464358,0,18.91236981,"31","18"
"species",488,488,150.558251785989,812.256644642812,25.4844693834686,59.47566632,0,35.29766864,"31","12"
"species",489,489,149.442979830756,828.997986933681,25,59.47566632,0,35.29766864,"31","11"
"species",490,490,154.370691765801,806.653051669838,26.1098090264625,59.47566632,0,35.29766864,"31","18"
"species",491,491,152.616721892724,803.037436530644,25.81601051812,67.31210855,0,41.20556595,"31","13"
"species",492,492,130.148056556052,1676.18695949775,30.2391263097235,5.562548082,8.859660023,23.16657394,"32","18"
"species",493,493,110.262645185952,854.268447852184,27.6862769544822,25.08547726,5.882198662,0,"31","12"
"species",494,494,106.438084731657,1171.8750717537,26.1393566749255,23.22393919,2.078638027,1.526065809,"31","12"
"species",495,495,118.647469413126,938.657204313444,29,23.84674571,8.804251692,2.249154622,"31","13"
"species",496,496,111.424737229805,998.503372623629,27.7434809994715,23.84674571,8.804251692,2.249154622,"31","11"
"species",497,497,153.091975457686,751.356009593922,27,44.59782894,19.34093499,11.58562987,"31","18"
"species",498,498,151.618481378539,757.590775194837,26.4914741663539,44.59782894,19.34093499,11.58562987,"31","18"
"species",499,499,152.402863140606,753.396676650988,26.7295436437592,24.10430486,10.37656872,60.73339464,"31","18"
"species",500,500,158.135140132747,732.716542896459,25.0465858925156,29.5017962,11.23117536,77.28137495,"31","18"
"species",501,501,131.256512784512,1058.20810176186,28.3055579902887,16.94876747,6.502416008,5.657901198,"31","18"
"species",502,502,155.269856258058,743.8907098536,26,24.10430486,10.37656872,60.73339464,"31","18"
"species",503,503,156,739.545263386327,26,66.99028899,10.03937061,122.8613909,"31","12"
"species",504,504,145.243158902966,747.793294345235,28,45.5486725,2.225169257,8.847710058,"31","12"
"species",505,505,138.447909052492,915.583103842302,26.7314571072553,19.1553829,9.796781944,25.34703532,"31","18"
"species",506,506,145.145274581056,710.834316466011,31,63.27551572,2.493425199,5.000280052,"31","13"
"species",507,507,136.874765149701,764.997348754004,28.7846797039531,63.27551572,2.493425199,5.000280052,"31","12"
"species",508,508,147.763742556156,835.735243004646,28,27.00672829,9.836987784,5.031787593,"31","13"
"species",509,509,135.582193981942,787.657983709523,27.4024041011058,42.3937797,3.046792248,27.21135526,"31","18"
"species",510,510,146.974592538187,748.088094322491,28.0771270323288,47.98495095,9.125587817,25.0920897,"31","12"
"species",511,511,150.441483112731,723.620511192092,30.1379488807908,43.09401964,3.291684299,11.34326558,"31","18"
"species",512,512,129.803586708334,828.605443205169,25.5319202904977,45.5486725,2.225169257,8.847710058,"31","13"
"species",513,513,139.404068876893,1531.74710460039,31,35.04557233,34.11215635,42.60301672,"32","13"
"species",514,514,136.564751333251,663.302122760068,34.4534738827163,61.31960558,1.088210293,17.01928901,"31","18"
"species",515,515,132.300819785818,680.329876653885,34,61.31960558,1.088210293,17.01928901,"31","18"
"species",516,516,147.768318212619,796.707028519877,26.1581992126377,23.87814493,0,26.38952649,"31","18"
"species",517,517,144.677093248103,810.71447209968,26,23.87814493,0,26.38952649,"31","13"
"species",518,518,144.613651121978,772.007895213838,27,32.64602464,0.625730858,19.90423045,"31","18"
"species",519,519,145.771417041101,821.845339797328,25.1454658821897,49.39634193,0,27.3928874,"31","12"
"species",520,520,144.364487386449,826.359616458558,25,49.39634193,0,27.3928874,"31","13"
"species",521,521,145.261524161726,779.878855681082,26.7303445762779,56.43464358,0,18.91236981,"31","18"
"species",522,522,149.992009137647,759.829766228119,28.2540093172869,25.95802664,0,9.768812952,"31","18"
"species",523,523,151.941243836197,790.592732559535,26.7936508365171,25.95802664,0,9.768812952,"31","18"
"species",524,524,143.116022708345,796.499799165318,27,25.95802664,0,9.768812952,"31","18"
"species",525,525,139.243521844527,808.350741179251,26.4201558891188,25.95802664,0,9.768812952,"31","13"
"species",526,526,139.501022944255,959.242825122681,26.924151318463,33.84896747,5.017107143,25.46947633,"31","18"
"species",527,527,109.880037114268,1287.39038032786,27.5303254024529,9.344118737,2.901787862,1.784139695,"31","18"
"species",528,528,122.954657696871,1095.19505185087,26.9665310454188,16.94876747,6.502416008,5.657901198,"31","18"
"species",529,529,147.297211631394,825.305653824957,25.0596822023755,59.47566632,0,35.29766864,"31","12"
"species",530,530,152.908551976342,809.40672255032,26,59.47566632,0,35.29766864,"31","11"
"species",531,531,109.539563069511,1451.2494338931,31.5026375379674,0,93.24327582,9.545271324,"32","18"
"species",532,532,143.704034641536,638.321948574239,35,61.71447547,2.220604501,25.05913131,"31","18"
