"species","x","y","bio10_16","bio12_16","bio15_16","moose2015","red_deer2015","roe_deer2015","Forest_Type","Forest_Productivity"
"species",1,1,135.098007382528,1813.32169768403,32,0,141.1877689,16.43710807,"31","18"
"species",2,2,113.779254465457,1405.10510968578,30.0364003001646,1.557689311,123.5482997,24.10076593,"32","11"
"species",3,3,127.913890434537,2181.45128982557,33,0,122.6817566,0,"31","18"
"species",4,4,134.6386409659,1998.44376088172,31.1853390802869,0,294.5806414,0,"31","18"
"species",5,5,134.816382751643,1914.93721988942,31.6310997225197,0,105.3622251,0,"31","18"
"species",6,6,136.066237746225,1982.80772056794,31.5331188731127,0,294.5806414,0,"31","18"
"species",7,7,134.464507747225,2030.86297319914,31.000079855118,0,294.5806414,0,"31","18"
"species",8,8,126.557118636752,2124.94190390891,31,0,294.5806414,0,"31","11"
"species",9,9,126.224894949409,2197.701540742,33,0,192.7427122,0,"31","18"
"species",10,10,123.960430953169,2278.47540906652,33.4050994229641,0,176.2639224,0,"31","18"
"species",11,11,126.149812739942,2193.96878894733,33,0,88.5743588,0,"31","11"
"species",12,12,131.855939008887,1657.11050961783,32,0,66.76580688,0,"31","11"
"species",13,13,135.915631256804,1721.88010701706,32,0,66.76580688,0,"31","18"
"species",14,14,125.89810079577,1875.1837036013,32,0,102.3380465,13.2486909,"33","18"
"species",15,15,123,2179.90508184591,32,0,105.3622251,0,"32","18"
"species",16,16,133.453838380901,2333.13677942396,32.9175633031374,0,131.9382512,0,"32","18"
"species",17,17,135.531402261794,2171.68941933859,32,0,294.5806414,0,"31","18"
"species",18,18,137.764661202281,1932.24649563922,32,0,294.5806414,0,"31","18"
"species",19,19,133.0694264078,1725.2492894889,31.9886720498088,5.036318203,23.6999329,19.29514959,"31","18"
"species",20,20,114.296192951648,2510.14045525651,32,0,105.3622251,0,"31","18"
"species",21,21,119.295436448349,1296.26973932373,23.7165599759305,39.2011146,3.392198154,9.790659386,"31","11"
"species",22,22,115.139194040668,1308.51282085766,23.5347985101671,39.2011146,3.392198154,9.790659386,"33","11"
"species",23,23,136.158413116819,1702.85473954248,33,0,102.3380465,13.2486909,"32","18"
"species",24,24,126.099203970936,2194.16702826485,33,0,122.6817566,0,"31","18"
"species",25,25,122.429584952774,2229.83907923795,32.9577494400514,0,122.6817566,0,"31","18"
"species",26,26,129.567678481704,2379.91762041217,31.8019294946362,0,194.4239437,0,"31","18"
"species",27,27,119.023725065336,2042.62233166137,31.1026709567152,0.28148691,27.71730315,2.140618419,"33","18"
"species",28,28,129.522556328878,1999.91103995347,31.2211929224882,0,150.1410724,0,"32","18"
"species",29,29,139.718232318058,2033.19888900272,32,0,170.0745195,0,"31","18"
"species",30,30,120.257017488625,2310.57292037559,33,0,122.6817566,0,"31","18"
