"species","x","y","bio10_16","bio12_16","bio15_16","moose2015","red_deer2015","roe_deer2015","Forest_Type","Forest_Productivity"
"species",1,1,130.802357998879,1202.61133411231,23,23.63257344,1.065077013,2.791286503,"31","12"
"species",2,2,100.429184914497,742.4291370495,25.6020068026644,34.91816968,0,0,"32","13"
"species",3,3,146.061837754672,765.778373679988,27,42.3937797,3.046792248,27.21135526,"31","18"
"species",4,4,112.928057618879,606.93661842961,43.2290919774833,48.81981365,2.860633235,1.919436692,"31","13"
"species",5,5,134.721204226648,529.58088543288,44.0274626963208,19.65079791,2.607823693,0.963929762,"31","18"
"species",6,6,146.14322074259,773.2770621419,27.395097037204,36.73246483,7.237559382,26.88021893,"31","18"
"species",7,7,137.307227474677,760.803382159621,29.6311860966042,12.25076914,0,9.991459665,"31","18"
"species",8,8,108.418731091496,602.563471382636,43,38.865594,2.40851599,1.001091991,"31","11"
"species",9,9,126.892512894606,547.81411636855,44.2407002181647,38.865594,2.40851599,1.001091991,"31","13"
"species",10,10,134.461507275288,598.450544693829,39.8928243430565,78.58042817,5.071184952,4.408980682,"31","18"
"species",11,11,125.50051121377,595.48466900233,41.4421701016676,37.85877824,0,1.303659425,"31","13"
"species",12,12,120.930653258869,565.682015348721,42.1831790530175,38.865594,2.40851599,1.001091991,"31","13"
"species",13,13,127.121304226709,666.707331981621,37,57.6378679,5.623193259,2.560358706,"31","18"
"species",14,14,121.681592373939,599.339494451128,42,48.81981365,2.860633235,1.919436692,"31","18"
"species",15,15,124.504720036197,551.761397614823,44.1621879432506,38.865594,2.40851599,1.001091991,"31","13"
"species",16,16,135.537656220942,644.319949051652,37,59.78025783,2.347089158,0,"31","18"
"species",17,17,148.936939469772,740.299975823216,29.4793727873772,52.77933483,11.57085103,22.39424401,"31","18"
"species",18,18,124.179132466806,1828.49324875748,24.4824939338804,43.43858521,0,4.049319371,"31","13"
"species",19,19,127.856526083224,1819.17868974645,25,43.43858521,0,4.049319371,"31","13"
"species",20,20,147.476268447286,736.267036552062,30.1433336592051,43.09401964,3.291684299,11.34326558,"31","18"
"species",21,21,151.669114316974,737.112254813208,29,42.3937797,3.046792248,27.21135526,"31","18"
"species",22,22,154.011340683389,726.537980145921,29.1668371855919,42.3937797,3.046792248,27.21135526,"31","18"
"species",23,23,142.913201831356,777.521899073607,27,42.3937797,3.046792248,27.21135526,"31","18"
"species",24,24,153.345986406229,723.729298838001,29.8160194859111,52.77933483,11.57085103,22.39424401,"31","18"
"species",25,25,134.769764032604,646.071486967382,35.149919729852,35.72380336,8.923438758,2.311630946,"31","13"
"species",26,26,128.018540005722,1896.83228650893,25.2333449934363,40.2270375,0,9.169671268,"31","13"
"species",27,27,117.610456366746,1090.20678799832,26.6682157756092,13.83875372,0,0,"31","18"
"species",28,28,137.653141267904,781.212457981518,27,45.5486725,2.225169257,8.847710058,"31","13"
"species",29,29,130.294134920548,1193.79464023051,23.806895692639,107.5650526,2.431337072,17.86445891,"31","18"
"species",30,30,122.991406998549,1347.0081186322,23,76.87634365,2.16590921,5.977314597,"31","13"
"species",31,31,112.362685451625,873.953523709203,23,3.805132781,6.104597485,2.942990841,"31","13"
"species",32,32,127.967680057896,548.618702916441,44,38.865594,2.40851599,1.001091991,"31","13"
"species",33,33,102.192124017573,634.650491243498,41.1323404357713,38.865594,2.40851599,1.001091991,"31","12"
"species",34,34,138.549173474009,777.302328646765,27.7210485494752,45.5486725,2.225169257,8.847710058,"31","13"
"species",35,35,134.146630037971,538.706739924058,44,19.65079791,2.607823693,0.963929762,"31","13"
"species",36,36,120.471323110301,635.794064774006,40,37.85877824,0,1.303659425,"31","13"
"species",37,37,122.159640697744,552.212956504172,44.6256723216379,38.865594,2.40851599,1.001091991,"31","13"
"species",38,38,128.882732955243,587.975469979917,41.892484339551,48.81981365,2.860633235,1.919436692,"31","18"
"species",39,39,118.344726868747,562.700559339504,45.6099869230026,19.65079791,2.607823693,0.963929762,"31","13"
"species",40,40,130.830983825002,608.519204564023,38.8814514652054,78.58042817,5.071184952,4.408980682,"31","18"
"species",41,41,111.877196632496,1380.08819098697,29.899844881013,1.557689311,123.5482997,24.10076593,"32","18"
"species",42,42,140.137952161106,782.691861777961,27.0123161551193,42.3937797,3.046792248,27.21135526,"31","18"
"species",43,43,131.781672530938,628.733449770826,38,42.74220442,4.374857889,2.362380532,"31","13"
"species",44,44,122.282053467318,986.752393922138,22.7185952051183,28.2697902,2.827400105,6.979690234,"31","13"
"species",45,45,139.785426429514,800.002012420074,27,25.95802664,0,9.768812952,"31","13"
"species",46,46,98.6939711099947,648.727866649839,30.5883568537027,5.868740568,7.061298869,1.142570777,"32","13"
"species",47,47,144.382147153028,755.65790612786,28,47.98495095,9.125587817,25.0920897,"31","18"
"species",48,48,106.424410681801,1181.85720516794,28.8863813494608,42.02991678,0,0,"32","11"
"species",49,49,113.127985171647,904.538193978708,22.8978051814441,82.23118812,21.71678608,13.07621608,"31","13"
"species",50,50,117.278190450361,1256.73489637258,22,107.5650526,2.431337072,17.86445891,"31","12"
"species",51,51,112.208984278431,1256.70806566413,24.6596247793914,12.84073283,0,0,"31","13"
"species",52,52,130.403897152845,1184.30795961294,23.6725546228345,107.5650526,2.431337072,17.86445891,"31","13"
"species",53,53,123.61976364123,622.353332107798,39.1537572252127,78.58042817,5.071184952,4.408980682,"31","18"
"species",54,54,126.971862126938,1213.47083448272,23,107.5650526,2.431337072,17.86445891,"31","13"
"species",55,55,119.012337752769,1784.84955714425,25,13.38493118,0.319248251,0,"31","12"
"species",56,56,106.542346950917,1138.22412538469,28.8841514015423,42.02991678,0,0,"32","11"
"species",57,57,112.076218232898,2063.75462214884,24.5402241339807,14.21947256,0,0,"32","18"
"species",58,58,151.200666054252,714.332867587836,31,44.86145394,1.250604749,30.91417916,"31","18"
"species",59,59,106.402757601271,989.276272806539,24.620817519251,13.77212177,0,0,"32","13"
"species",60,60,119.383817399673,1796.9987733838,25,13.38493118,0.319248251,0,"31","11"
"species",61,61,113.034788295009,1252.31465020263,25,12.84073283,0,0,"31","13"
"species",62,62,101.64168223279,1260.4336064251,23,12.84073283,0,0,"32","11"
"species",63,63,123.042731786844,817.326907318382,27,52.77933483,11.57085103,22.39424401,"31","11"
"species",64,64,104.787373827851,717.09516790523,24.8684087321212,10.08373274,0,0,"32","11"
"species",65,65,104.976884492625,590.089497833365,24.0244684376797,17.34288675,0,0,"33","13"
"species",66,66,99.1979159017865,858.84126106363,26.3666349968916,10.08373274,0,0,"32","13"
"species",67,67,105.620850423485,810.972934005399,27,65.50557477,0,0,"31","11"
"species",68,68,105.585786264915,998.289027829278,24.3623863930457,13.77212177,0,0,"32","18"
"species",69,69,112.760187443502,1159.78019463375,27.9595539668124,17.92001038,0,0,"32","13"
"species",70,70,143.639669593921,757.095788542669,28.947701084527,52.77933483,11.57085103,22.39424401,"31","18"
"species",71,71,97.9436858755362,468.64078531116,35.4718429377681,3.845570674,0,0,"32","11"
"species",72,72,98.4748166871013,463.894558669817,37.9076561607706,3.845570674,0,0,"31","12"
"species",73,73,108.951353172298,543.944611159301,18.8141795411262,2.886409739,0,0,"31","12"
"species",74,74,97.6952912360701,627.450426334465,23.5418144500913,14.36253179,0,0,"32","13"
"species",75,75,115.559317119005,1104.72429625565,28.9413022778234,17.92001038,0,0,"31","13"
"species",76,76,119.069042111604,1116.40413105717,30,17.92001038,0,0,"32","13"
"species",77,77,100.835847288956,1196.75786889011,26.1488553391464,17.92001038,0,0,"32","13"
"species",78,78,114.286079822021,1057.06524262829,28.44449624195,42.02991678,0,0,"32","18"
"species",79,79,106.281036211711,528.217982040519,25,4.76085459,0,0,"31","11"
"species",80,80,102.346600291623,743.463682743596,26.003400110935,17.34288675,0,0,"32","13"
"species",81,81,95.3426946133549,572.818720439341,25.2810313843818,17.34288675,0,0,"32","13"
"species",82,82,91.1064372877686,603.126530743784,25.1796342945695,17.34288675,0,0,"32","13"
"species",83,83,99.8171836040736,693.874878906523,24,8.071086698,0,0,"32","11"
"species",84,84,103,619.37486471889,24,14.36253179,0,0,"32","13"
"species",85,85,103.18199281307,671.8320472572,26,14.50580075,0,0,"31","13"
"species",86,86,107.369172764537,560.166631612645,27.8224473278829,14.50580075,0,0,"31","12"
"species",87,87,98.519215604337,1050.71345004993,24.0066431307346,43.41047507,0,0,"32","13"
"species",88,88,103.429803095406,742.145049862974,26.1299474290332,34.91816968,0,0,"32","13"
"species",89,89,93.3710953893472,953.006091356597,25.0873754038883,28.57965742,0,0,"32","11"
"species",90,90,99.543411470112,572.374085293875,26.8055002157342,14.50580075,0,0,"32","13"
"species",91,91,127.797845984167,658.417638651463,37,57.6378679,5.623193259,2.560358706,"31","18"
"species",92,92,123.388982084869,985,22.7635684374978,28.2697902,2.827400105,6.979690234,"31","13"
"species",93,93,107.096605815725,871.733302663548,27,43.41047507,0,0,"32","13"
"species",94,94,120.656983847916,1507.18141558358,25.9331052210306,13.38493118,0.319248251,0,"31","13"
"species",95,95,120.478744040253,1979.02032527781,25.6640399208129,39.0447737,0.063370397,0,"31","12"
"species",96,96,122.930763875982,1964.24251151888,25.6469978607259,39.0447737,0.063370397,0,"31","12"
"species",97,97,108.055917529513,589.223972873083,44,38.865594,2.40851599,1.001091991,"31","11"
