"species","x","y","bio10_16","bio12_16","bio15_16","moose2015","red_deer2015","roe_deer2015","Forest_Type","Forest_Productivity"
"species",1,1,154.848804420089,713.33581536391,30.1177713758223,41.46017928,8.191929972,30.12976851,"31","18"
"species",2,2,114.98203604029,643.591890431068,38.3774106855288,78.58042817,5.071184952,4.408980682,"31","13"
"species",3,3,110.273556902479,983.553745243478,24.7644596953233,13.77212177,0,0,"31","12"
"species",4,4,137.730412161206,588.442204456404,39.144371211978,78.58042817,5.071184952,4.408980682,"31","18"
"species",5,5,106.599115668477,992.448876151875,24.565108988819,13.77212177,0,0,"31","12"
"species",6,6,121.710017016093,645.540692919884,37.6145775455906,44.38970266,3.205442272,3.681773963,"31","18"
"species",7,7,103.840810793659,523.326021541888,21,3.034265705,0,0,"31","11"
"species",8,8,142.360140921787,695.940356758458,34.2589952640774,43.09401964,3.291684299,11.34326558,"31","18"
"species",9,9,99.4854939622823,526.963534976576,26,4.76085459,0,0,"31","12"
"species",10,10,106.281036211711,528.217982040519,25,4.76085459,0,0,"31","11"
"species",11,11,111.175157911222,682.300110780221,32.3498152490272,21.44220167,7.391513063,4.110154002,"31","13"
"species",12,12,125.994796833102,2532.32807074222,33,0,90.43422982,0,"32","11"
"species",13,13,115.189166326123,1762.11809079071,24.8309946972671,13.38493118,0.319248251,0,"31","13"
"species",14,14,132.246767889103,717.138515385189,33.2548941932282,43.09401964,3.291684299,11.34326558,"31","12"
"species",15,15,99.8836209523141,495.029540411922,26,3.721849252,0,0,"32","11"
"species",16,16,127.425563448937,1241.99208191688,23.1525842714337,23.63257344,1.065077013,2.791286503,"31","12"
"species",17,17,113.139327528869,1053.56214766074,29.9224288597309,0.94939165,34.07494816,0,"32","11"
"species",18,18,120.757433001359,1379.5142824348,27.501617632487,13.83875372,0,0,"31","13"
"species",19,19,116.993188640258,542.239629570132,44.7326904523879,19.65079791,2.607823693,0.963929762,"31","11"
"species",20,20,107.592601942398,766.031864148213,27.4235395875064,1.500546841,37.81767443,4.921665901,"32","18"
"species",21,21,118.641805232855,771.630980522884,29.3414398629523,1.500546841,37.81767443,4.921665901,"31","18"
"species",22,22,114.971905674003,1953.2287467208,24.9045723641684,39.0447737,0.063370397,0,"31","13"
"species",23,23,83.5162660559329,765.36687730764,27.0107856988402,5.868740568,7.061298869,1.142570777,"33","12"
"species",24,24,106.932940552189,615.821276856295,44,15.86785116,0,1.845755321,"31","11"
"species",25,25,111.185150544847,668.880482827342,35.9164240774854,44.38970266,3.205442272,3.681773963,"31","13"
"species",26,26,131.484975677624,1259.56021317453,29.8791152113426,16.20637067,2.808924299,2.267648925,"31","13"
"species",27,27,102.602786851979,819.704232275851,28.5350392701034,16.02850254,5.105519101,1.518623386,"31","11"
"species",28,28,150.524502889513,733.076122187576,29.5323517928104,41.46017928,8.191929972,30.12976851,"31","18"
"species",29,29,116.091529832509,703.425019432406,32.4675446879,19.89450268,3.837507078,0,"31","13"
"species",30,30,111.158475736577,760.328491197537,30.1080611492863,9.943917785,4.164504968,1.157522529,"31","13"
"species",31,31,159.482326864349,732.236374348704,26.3611848135353,4.765064181,3.724718051,114.1932896,"31","18"
"species",32,32,93.3879767465668,802.524099355578,29.3079978860515,35.72380336,8.923438758,2.311630946,"31","11"
"species",33,33,100.712495360481,791.641741040436,29.5861014634547,15.11043496,1.843373575,0.778437432,"31","11"
"species",34,34,159.550055196546,731.013221455928,26.6241736590045,27.68398353,1.196552337,71.68308878,"31","18"
"species",35,35,104.109304292689,727.44523741343,30.2467318250735,12.86835577,7.555277427,0,"32","11"
"species",36,36,135.06436276015,629.57586069832,35.5272019257436,42.42947395,12.44942108,0,"31","18"
"species",37,37,123.796828839473,1592.75075702541,32.3560990275918,0.410393228,13.27943505,0,"31","18"
"species",38,38,98.2210059459486,432.258647182636,35.3706764086819,15.83212045,0,0,"32","11"
"species",39,39,96.760081719469,450.386769741957,33,11.82408443,0,0,"32","11"
"species",40,40,94.5016802944178,442,33,15.83212045,0,0,"32","11"
"species",41,41,92.3320437316019,1519.14879772159,28.7105845487559,0.687506548,13.28061174,0,"32","11"
"species",42,42,104.769225939967,933.424866317117,28.7526387547405,0.94939165,34.07494816,0,"32","18"
"species",43,43,106.691327814712,636.007487090335,25.6913278147125,17.34288675,0,0,"31","13"
"species",44,44,127.764232473343,922.799857845415,24.3487592109074,107.1602585,4.520371205,68.13716961,"31","13"
"species",45,45,114.706891444329,635.966164091025,38,37.06402126,6.487973454,3.397277381,"31","13"
"species",46,46,104.302152957949,1439.21349290538,31.7536506290569,0.280180551,22.55660234,0,"32","18"
"species",47,47,111.595017015503,688.038007105459,35.16004547645,42.74220442,4.374857889,2.362380532,"31","13"
"species",48,48,109.959547275784,1243.21030591211,31.6643389931902,0,73.449384,0,"32","11"
"species",49,49,95.8787429417076,844.529907299529,27.7934864465547,0.94939165,34.07494816,0,"32","13"
"species",50,50,103.812719538593,1237.24699353854,23.8048604671693,12.84073283,0,0,"31","13"
"species",51,51,104.866789080991,693.218305275809,32,21.44220167,7.391513063,4.110154002,"32","12"
"species",52,52,119.003449338714,625.984832232453,34.5168685354244,44.32803191,13.33544072,0,"31","12"
"species",53,53,106.637152087692,1072.83599098865,26.9887504423344,42.02991678,0,0,"32","18"
"species",54,54,133.513246657607,623.182529439303,34.4743152851871,21.44220167,7.391513063,4.110154002,"31","13"
"species",55,55,132.990397250362,626.033609623731,34,21.44220167,7.391513063,4.110154002,"32","13"
"species",56,56,136.15424195162,603.262562340117,39.2066365616771,47.04794055,7.578866015,6.142455744,"31","18"
"species",57,57,116.499211347175,643.562858743,36.904824508492,22.8350614,3.61248928,2.639437029,"31","18"
"species",58,58,119.792450222331,642.475589623246,34.6810701866391,37.26472623,6.826104475,2.178108487,"32","11"
"species",59,59,140.110887483712,657.09668749689,36.1353685524259,81.09481554,4.229111868,5.284178289,"31","13"
"species",60,60,145.02421192514,643.653180738474,36.7282054302631,57.6378679,5.623193259,2.560358706,"31","18"
"species",61,61,122.286701890057,1557.67561901429,25.3450915772767,13.38493118,0.319248251,0,"31","13"
"species",62,62,97.7140133357899,709.562062866296,33.4173589668481,37.26472623,6.826104475,2.178108487,"33","12"
"species",63,63,111.605627506037,719.207875381189,34.842318845193,35.4788309,2.294324006,1.297314748,"31","12"
"species",64,64,143.168664713763,577.897655388751,39.987831227162,78.58042817,5.071184952,4.408980682,"31","18"
"species",65,65,122.515172705701,644.416073382796,33,21.44220167,7.391513063,4.110154002,"31","13"
"species",66,66,102.410627198603,1437.57595805345,29.9801393774674,0.687506548,13.28061174,0,"32","11"
"species",67,67,145.943112368387,584.102613017998,39.0838783615407,73.34505261,0.606095319,10.79659412,"31","18"
"species",68,68,104.776759003869,572.318234160756,42.1895887096706,17.05337136,2.297010785,3.05847174,"31","12"
"species",69,69,114.561495669583,568.426339652335,43.9481324451339,38.865594,2.40851599,1.001091991,"31","13"
"species",70,70,146.218151943238,726.781740287663,28.8304251498898,62.64905485,0,13.92362896,"31","18"
"species",71,71,112.17861743438,662.140348376483,35.2821712196968,22.8350614,3.61248928,2.639437029,"33","11"
"species",72,72,107.321948958816,675.222564629864,35.1768358716248,37.26472623,6.826104475,2.178108487,"33","11"
"species",73,73,100.677643878996,628.290223356306,31.0828315190485,5.868740568,7.061298869,1.142570777,"31","12"
"species",74,74,122.32890027095,655.653873850937,31.7689850399391,15.18059091,10.12129437,2.839168888,"31","12"
"species",75,75,105,579.384934545557,41,19.26835612,0,2.261500814,"31","13"
"species",76,76,108.121032838129,398.523819571393,46.3809548928483,8.753547451,0,0,"32","11"
"species",77,77,112.242705315635,889.572026776705,23,79.89208961,1.335197374,31.0221955,"31","13"
"species",78,78,134.158224120548,680.704538728287,34.176606639716,29.0328483,8.256227348,0,"31","11"
"species",79,79,120.649362688195,670.352333024976,31,21.44220167,7.391513063,4.110154002,"31","12"
"species",80,80,118.119910902056,2113.12352575018,33.3773147828292,1.872004369,36.28814085,0,"32","18"
"species",81,81,110.340105301025,745.402044928509,30.2618401325424,19.89450268,3.837507078,0,"33","11"
"species",82,82,106,494.887367415296,23,5.896639302,0,0,"32","11"
"species",83,83,106.90338939739,490.74408029666,23.7948403566518,5.896639302,0,0,"32","11"
"species",84,84,134.015521775919,688.497771788495,33.0649759492991,15.11043496,1.843373575,0.778437432,"31","18"
"species",85,85,98.0819214093255,730.241637154428,30.7647049201953,6.366400955,7.882912004,0,"32","11"
"species",86,86,98.4039747064521,680.111315140206,25.4909009818654,14.50580075,0,0,"32","13"
"species",87,87,118.435835403058,644.306955691705,35,37.26472623,6.826104475,2.178108487,"31","13"
"species",88,88,115.525235823098,1300.56264975628,21,32.8639907,0.524963329,2.297310892,"31","13"
"species",89,89,131.373937431633,619.805722720367,35.7428381088567,37.26472623,6.826104475,2.178108487,"31","18"
"species",90,90,139.384459829019,605.776385758958,38.1906161671238,73.34505261,0.606095319,10.79659412,"31","18"
"species",91,91,118.537422115072,642.921866421054,35.626644011872,22.8350614,3.61248928,2.639437029,"31","13"
"species",92,92,103.923444685457,722.118655945049,28.7896530366099,8.530747943,3.018622888,1.602894548,"33","12"
"species",93,93,110.011742320072,1414.97648637094,21.0021406061228,32.8639907,0.524963329,2.297310892,"31","13"
"species",94,94,124.758356066248,1139.38026569677,22.7804819701478,107.5650526,2.431337072,17.86445891,"31","18"
"species",95,95,110.382386763971,1162.34008236786,21.0458336469859,25.31533678,0,0,"31","18"
"species",96,96,118.020521250629,1401.86297367399,31.8452857987827,0.687506548,13.28061174,0,"32","18"
"species",97,97,110.85240695011,1443.69842121656,30.9818852711648,0.687506548,13.28061174,0,"32","18"
"species",98,98,124.874266927227,687.047853247371,36,57.6378679,5.623193259,2.560358706,"31","13"
"species",99,99,97.7608987752157,710.318554806271,33.3933369649828,22.8350614,3.61248928,2.639437029,"31","11"
"species",100,100,119.114818358223,826.269064205438,24.1800984431007,20.2554799,15.6438953,4.679748147,"31","18"
"species",101,101,112.531406549413,952.192685037634,29.8424162103712,0.94939165,34.07494816,0,"32","11"
"species",102,102,137.837479448517,719.168168441011,33.0517438921711,43.09401964,3.291684299,11.34326558,"31","13"
"species",103,103,121.411247256765,606.73413804195,35,6.366400955,7.882912004,0,"32","13"
"species",104,104,107.788536528509,685.041250420901,31.6108037545991,21.44220167,7.391513063,4.110154002,"31","13"
"species",105,105,111.682861629975,983.857942269043,29.4970176257319,0.94939165,34.07494816,0,"32","11"
"species",106,106,115.751066240825,1262.0277146566,21.7077975598856,32.8639907,0.524963329,2.297310892,"31","12"
"species",107,107,114.140964801994,549.799576870815,44,23.67677851,4.092707338,3.811278357,"31","11"
"species",108,108,102.231665714105,820.088173272417,25.1002357803159,3.805132781,6.104597485,2.942990841,"32","11"
"species",109,109,121.273586065024,1501.85862776526,25.6282744469485,13.38493118,0.319248251,0,"31","13"
"species",110,110,110.408234503589,755.876396227864,27,20.2554799,15.6438953,4.679748147,"33","11"
"species",111,111,113.368164404339,820.174467579222,28.7587958502255,1.500546841,37.81767443,4.921665901,"32","11"
"species",112,112,105.573870406751,500.639194389873,28,2.191534875,0,0,"32","11"
"species",113,113,107.518462850011,485.087207072019,26.0082314822763,5.425111395,0,0,"32","11"
"species",114,114,127.777925875888,930.515607014261,23,1.511478024,28.4208772,5.099162657,"31","11"
"species",115,115,121.629918518426,786.987010532723,25.0012322287735,36.25939668,6.648445301,2.712137721,"31","18"
"species",116,116,102.292778812202,638.061138207352,35.968361941939,9.427479435,1.134342162,3.001059547,"32","12"
"species",117,117,125.711060364643,652.926236336243,35.4494336964115,42.42947395,12.44942108,0,"31","18"
"species",118,118,116.893307638388,903.45038586016,23.9052933991936,85.73030156,10.68918304,12.80077993,"31","13"
"species",119,119,114.252949199593,834.429933774018,24.1137150420631,20.2554799,15.6438953,4.679748147,"31","18"
"species",120,120,108.702107446033,729.260433060149,27.8439091822211,36.25939668,6.648445301,2.712137721,"31","13"
"species",121,121,124.283764099396,1423.67576753615,23.0529072825947,32.8639907,0.524963329,2.297310892,"31","18"
"species",122,122,117,1177.3627145182,22,25.31533678,0,0,"31","13"
"species",123,123,100.068225630626,832.84030238362,24.6857863901469,3.805132781,6.104597485,2.942990841,"32","11"
"species",124,124,117.270323242866,762.268240277043,25.4046910260726,36.25939668,6.648445301,2.712137721,"31","18"
"species",125,125,114.0808701735,804.655326960435,25,20.2554799,15.6438953,4.679748147,"31","13"
"species",126,126,102.300938785016,731.064770832937,26.751035599246,9.095099576,0,0,"32","18"
"species",127,127,118.494770484269,799.004780762135,24.352309972488,36.25939668,6.648445301,2.712137721,"31","18"
"species",128,128,85.6633438320726,857.532173227021,24.4592947013051,3.805132781,6.104597485,2.942990841,"32","11"
"species",129,129,123.30857683584,1542.04766974991,25.8675773581708,13.38493118,0.319248251,0,"31","13"
"species",130,130,100.246564237965,649.326687042384,36.1232821189823,19.26835612,0,2.261500814,"32","11"
"species",131,131,94.8051579473799,549.763733294611,20.0033210041006,3.034265705,0,0,"32","11"
"species",132,132,100.348601982488,498.497869070247,26.3654044407959,5.425111395,0,0,"32","13"
"species",133,133,100.934865579402,861.130268841197,26,10.08373274,0,0,"32","18"
"species",134,134,115.034927780078,989.866801493964,26.1439845683261,13.77212177,0,0,"31","18"
"species",135,135,106.997545499526,1221.51630286171,26.7578372882982,22.94391661,0,0,"31","11"
"species",136,136,102.93774777866,983.447588496865,22.7532022137272,13.77212177,0,0,"32","13"
"species",137,137,102.517356307732,756.552020133411,26.1706446791094,17.95378555,0,0,"32","13"
"species",138,138,106.12096391566,1025.48385566264,26,43.41047507,0,0,"32","13"
"species",139,139,101.118277238415,1109.31429780478,25.9605815722445,42.02991678,0,0,"32","13"
"species",140,140,111,489,26,5.425111395,0,0,"32","13"
"species",141,141,99.178979730512,525.138145062382,25.6876464227529,4.76085459,0,0,"32","11"
"species",142,142,101.694451122075,557.722546499775,25,17.34288675,0,0,"31","13"
"species",143,143,107.369139510771,532.246959490163,24.9797278972386,4.76085459,0,0,"31","12"
"species",144,144,99.1979159017865,858.84126106363,26.3666349968916,10.08373274,0,0,"32","13"
"species",145,145,95.1130917928393,442.062567000207,35,15.83212045,0,0,"32","11"
"species",146,146,104.786296744681,1016.21065822384,26,43.41047507,0,0,"32","11"
"species",147,147,95.2664842465685,658.657798029762,27.2506412863149,9.095099576,0,0,"32","11"
"species",148,148,97.2956667821105,1026.21525209424,23.1872416309543,13.77212177,0,0,"32","13"
"species",149,149,108.450477068834,690.030068930589,27.5838966403513,9.095099576,0,0,"31","13"
"species",150,150,89.8096918341427,816.894100615557,26,3.805132781,6.104597485,2.942990841,"32","11"
"species",151,151,102.169859993337,455.976721742581,39.0232782574194,3.845570674,0,0,"31","12"
"species",152,152,108.938274892013,1241.72941957739,24.0247502234344,12.84073283,0,0,"31","12"
"species",153,153,109.237595355333,980.1710115564,24.8713748086078,13.77212177,0,0,"32","12"
"species",154,154,106.14518750543,519.062268819315,25.2811205238143,4.76085459,0,0,"31","12"
"species",155,155,99.7778684690056,495.714636964601,26,3.721849252,0,0,"31","11"
"species",156,156,105.962537926156,522.304099529296,27,17.34288675,0,0,"32","12"
"species",157,157,99.5661834482445,752.541462489975,26.0917075020051,17.34288675,0,0,"32","18"
"species",158,158,104.713170245696,536.930244631456,26,17.34288675,0,0,"31","12"
"species",159,159,107.211037838657,851.699861631151,27.5406045324757,27.87725573,0,0,"32","13"
"species",160,160,112.840255749675,580.366882688268,45.6151192309002,15.86785116,0,1.845755321,"31","12"
"species",161,161,124.994023568658,2551.99679844505,33,0,90.43422982,0,"32","11"
"species",162,162,118.399844927471,650.144920855769,34,37.26472623,6.826104475,2.178108487,"32","13"
"species",163,163,97.0434286738242,717.632641028295,31.2755632135854,21.44220167,7.391513063,4.110154002,"31","11"
"species",164,164,123.669690012256,612.828135237621,38.3424196235486,37.06402126,6.487973454,3.397277381,"31","13"
"species",165,165,106.471890604177,703.58432818747,36,47.04794055,7.578866015,6.142455744,"31","11"
"species",166,166,135.525413706539,597.191572186852,39.4304502933262,78.58042817,5.071184952,4.408980682,"31","18"
"species",167,167,136.420209787372,593.991723574736,39,78.58042817,5.071184952,4.408980682,"31","18"
"species",168,168,114.322618680214,693.053368263604,33.1365198885878,42.42947395,12.44942108,0,"31","12"
"species",169,169,131.216219667618,620.852457828779,38.2017603532366,73.34505261,0.606095319,10.79659412,"31","18"
"species",170,170,140.766684408658,585.426243176318,39.8907149801885,47.04794055,7.578866015,6.142455744,"31","18"
"species",171,171,111.874340242882,1048.5886043885,25.5261769961423,19.44969093,0,0,"32","11"
"species",172,172,132.637274559026,608.701612559026,39.1366985070353,47.04794055,7.578866015,6.142455744,"31","18"
"species",173,173,141.037145247757,582.746843462913,39.9392571841712,47.04794055,7.578866015,6.142455744,"31","18"
"species",174,174,98.9591028964071,578.009568677287,17.5565613167456,2.886409739,0,0,"32","11"
"species",175,175,129.98204736294,625.739768711124,38,44.38970266,3.205442272,3.681773963,"31","13"
"species",176,176,132.633306220075,628.571683180298,33.8381138485621,21.44220167,7.391513063,4.110154002,"32","13"
"species",177,177,113.554751199379,646.258229618289,38.4954210354193,78.58042817,5.071184952,4.408980682,"31","13"
"species",178,178,143.665159426834,576.686905361521,40,78.58042817,5.071184952,4.408980682,"31","13"
"species",179,179,116.570568147446,968.477615815815,25.940494109166,13.77212177,0,0,"31","18"
"species",180,180,106.850293929001,514.910905208466,26,4.76085459,0,0,"31","12"
"species",181,181,146.512327640835,745.182217627672,28,47.98495095,9.125587817,25.0920897,"31","18"
"species",182,182,126.277019835372,616.142964882491,38.6458260793586,37.06402126,6.487973454,3.397277381,"31","18"
"species",183,183,154.721342887668,717.561081560238,29.132570824697,44.05497245,6.614368484,22.79335791,"31","18"
"species",184,184,138.998646099386,611.335799716207,38.664812393639,65.14024442,1.400990109,16.54531378,"31","18"
"species",185,185,96.2909610224016,967.311295730321,27.7808202086544,0.280180551,22.55660234,0,"32","11"
"species",186,186,119.842179994793,792.791482085966,31.2927718937603,0.280180551,22.55660234,0,"32","11"
"species",187,187,115.661468698304,819.139721556544,31.1972669819644,0.280180551,22.55660234,0,"32","11"
"species",188,188,135.439435057052,1288.76654944268,33.3492023777137,0.687506548,13.28061174,0,"32","11"
"species",189,189,131.971960965172,1352.59040758581,33.552870509263,0.687506548,13.28061174,0,"32","18"
"species",190,190,118.589389207073,1404.71973775392,31.9553353729787,0.687506548,13.28061174,0,"32","18"
"species",191,191,156.599508762035,744.990566928791,26,27.68398353,1.196552337,71.68308878,"31","18"
"species",192,192,112.247691154913,647.705030434971,39.1684173856509,78.58042817,5.071184952,4.408980682,"31","18"
"species",193,193,105.057351077324,690.623201352168,32,21.44220167,7.391513063,4.110154002,"31","12"
"species",194,194,105.394785740135,714.21042851973,27,9.095099576,0,0,"32","13"
"species",195,195,116.880187702564,675.028140758569,30.5411061233402,15.18059091,10.12129437,2.839168888,"31","13"
"species",196,196,116.651470136655,831.724398651176,24,20.2554799,15.6438953,4.679748147,"31","18"
"species",197,197,118.980181012984,813.573670329599,24.6529053037124,20.2554799,15.6438953,4.679748147,"31","18"
"species",198,198,113.161247103053,815.432814728839,24.5792552877626,20.2554799,15.6438953,4.679748147,"31","13"
"species",199,199,103.482075149282,551.627912401626,44.492896918209,24.2414336,2.889287827,3.848637854,"31","13"
"species",200,200,113.014403208481,954,25,13.77212177,0,0,"31","13"
"species",201,201,121.327604473564,1841.12611015768,30.4259099409001,7.143408773,2.660643649,3.604791242,"31","18"
"species",202,202,116.555251082596,649.774409827091,35,37.26472623,6.826104475,2.178108487,"31","13"
"species",203,203,118.439168474591,649.313558784569,36.8042619493532,44.38970266,3.205442272,3.681773963,"31","12"
"species",204,204,108.08245555253,795.672326268422,29.2993942721384,16.02850254,5.105519101,1.518623386,"31","12"
"species",205,205,112.510194894351,661.099365793673,35,37.26472623,6.826104475,2.178108487,"31","12"
"species",206,206,126.790346908081,917.173202407523,24.6730391355643,93.15894242,5.284939968,55.32488477,"31","13"
"species",207,207,101.443092680151,645.943836823745,30.3554061030752,8.19084272,7.909762312,1.740741502,"31","12"
"species",208,208,109.724799954605,761.201600363159,28,9.095099576,0,0,"32","11"
"species",209,209,108.796346348243,1923.82185040745,24,39.0447737,0.063370397,0,"32","13"
"species",210,210,123.938573212411,679.422534456219,33.0104676738295,19.89450268,3.837507078,0,"31","13"
"species",211,211,122.084261495018,804.309058357971,30.7407883794147,0.94939165,34.07494816,0,"32","11"
"species",212,212,125.499145497147,827.78587777685,31.2893354201112,0.94939165,34.07494816,0,"31","18"
"species",213,213,121.879630830287,830.152111953349,30.7317489700113,0.94939165,34.07494816,0,"32","18"
"species",214,214,90.9659122505628,1020.07643031588,26.7164664444049,0.94939165,34.07494816,0,"32","11"
"species",215,215,119.379781773889,871.37859994165,30.2698374985979,0.94939165,34.07494816,0,"32","11"
"species",216,216,90.8811435756407,854.825500916035,24.7302732684279,3.805132781,6.104597485,2.942990841,"32","11"
"species",217,217,113.204501249513,802.525741815337,25,20.2554799,15.6438953,4.679748147,"31","13"
"species",218,218,117.633728745485,643.409499081049,36.3116118069184,22.8350614,3.61248928,2.639437029,"31","12"
"species",219,219,110.228732129519,646.363285365107,38,37.06402126,6.487973454,3.397277381,"31","12"
"species",220,220,138.339886127702,1756.03026517636,33.6671347234073,1.230742456,54.82371669,0,"32","18"
"species",221,221,148.511279904469,763.978067340247,28,14.4730961,0,24.17657341,"31","13"
"species",222,222,117.429167698517,1427.66461481589,31.8786977539243,0.687506548,13.28061174,0,"32","18"
"species",223,223,119.807420927361,1438.00157710688,31.9456379580483,0.687506548,13.28061174,0,"32","18"
"species",224,224,139.769901201041,1304.9017113109,33.8812973707513,0.687506548,13.28061174,0,"32","18"
"species",225,225,137.981371289429,1315.46486873207,33.7917176241174,0.687506548,13.28061174,0,"32","11"
"species",226,226,100.733878230664,1526.6533180149,30.1296546958458,0.687506548,13.28061174,0,"32","11"
"species",227,227,116.319900906798,1428.53783005914,31.5744255920971,0.687506548,13.28061174,0,"32","11"
"species",228,228,139.36606336225,1290.35526064015,34.1084084491734,0.687506548,13.28061174,0,"32","11"
"species",229,229,125.070199468225,2108.40707501308,33.3838394146525,1.872004369,36.28814085,0,"31","18"
"species",230,230,130.279306151927,740.719681354898,31.0565853452294,36.46809388,3.943634702,0,"31","18"
"species",231,231,139.344203901971,669.853554911518,34.7599615505875,29.0328483,8.256227348,0,"31","18"
"species",232,232,132.194828797686,723.296893506811,32.4497986732819,29.0328483,8.256227348,0,"31","18"
"species",233,233,145.357682045026,636.704893013925,35.550913934058,35.72380336,8.923438758,2.311630946,"31","13"
"species",234,234,141.405731970516,629.257146133868,35.8773632485429,35.72380336,8.923438758,2.311630946,"31","13"
"species",235,235,132.158347850278,637.689629933122,34.8419509606569,42.42947395,12.44942108,0,"31","18"
"species",236,236,138.553655202145,657.117998649532,36.4328042975606,57.6378679,5.623193259,2.560358706,"31","18"
"species",237,237,132.316996525764,656.603702193531,36.2952548354663,35.4788309,2.294324006,1.297314748,"31","12"
"species",238,238,119.473498998034,564.718766734372,44,38.865594,2.40851599,1.001091991,"31","12"
"species",239,239,154.478315399743,759.179400942137,27,42.73592039,0,43.93649877,"31","13"
"species",240,240,99.8567501682636,717.861006225685,30,17.05337136,2.297010785,3.05847174,"31","13"
