"species","x","y","bio10_16","bio12_16","bio15_16","moose2015","red_deer2015","roe_deer2015","Forest_Type","Forest_Productivity"
"species",1,1,134.39413013559,1709.41682594521,32.646166113597,5.036318203,23.6999329,19.29514959,"32","18"
"species",2,2,124.418111371428,642.236306436365,34,21.44220167,7.391513063,4.110154002,"32","11"
"species",3,3,151.931002802256,793.360905290037,26,67.31210855,0,41.20556595,"31","18"
"species",4,4,129.944407092705,1760.56490120866,31.972866110909,5.036318203,23.6999329,19.29514959,"31","12"
"species",5,5,114.587205155534,2503.27065895122,33.6931419215738,0,70.63825139,0,"32","18"
"species",6,6,124.367406106225,2406.63356041835,34.8720852246109,0,70.63825139,0,"32","18"
"species",7,7,124.851224736575,2379.55106213029,34.643083936192,0,70.63825139,0,"32","18"
"species",8,8,112.127861724358,862.302728444127,28.3539476163091,17.16661537,6.598909338,2.863393877,"31","18"
"species",9,9,111.51263184169,2484.59963408222,33.5619391294534,0,70.63825139,0,"32","18"
"species",10,10,129.809944157567,2039.69049007453,33.9562266330741,0.28148691,27.71730315,2.140618419,"31","18"
"species",11,11,136.026532112843,1831.28390746605,32,0,141.1877689,16.43710807,"31","18"
"species",12,12,127.988794285142,1962.6463444657,32.9283321683957,5.537295974,16.85143025,7.6054687,"32","18"
"species",13,13,131.539735092341,1758.41493848808,31.4856554444764,1.634309011,7.173094045,7.182156319,"32","18"
"species",14,14,114.355417505795,641.202953269204,38.9708496566051,78.58042817,5.071184952,4.408980682,"31","18"
"species",15,15,122.825727993067,746.463660955075,30.7171163896417,15.11043496,1.843373575,0.778437432,"31","18"
"species",16,16,125.403836176052,1821.73693336524,31.654692168123,5.036318203,23.6999329,19.29514959,"31","11"
"species",17,17,122.68710244611,2301.69401369904,32.8844933696276,0,122.6817566,0,"31","18"
"species",18,18,131.991163127701,2411.93146215425,32,0,194.4239437,0,"31","18"
"species",19,19,137.800686432838,2159.8710779554,32,0,194.4239437,0,"31","18"
"species",20,20,134.666083870617,2190.2692919049,32,0,105.3622251,0,"31","18"
"species",21,21,137.679284592276,1959.40999287747,31.9541835131822,0,294.5806414,0,"31","18"
"species",22,22,130.659223258733,2140.07815578331,33,0,123.4893806,0,"31","18"
"species",23,23,113.829785855647,2422.26336353489,32.376334888574,0,176.2639224,0,"31","11"
"species",24,24,129.724549348187,2349.85095580571,31.930835247001,0,194.4239437,0,"31","11"
"species",25,25,139.265996025865,2179.63856571778,32,0,105.3622251,0,"31","18"
"species",26,26,129.173941500744,2458.48806759682,32,0,194.4239437,0,"32","18"
"species",27,27,129.777438994546,1733.87525886108,31.8855906696481,1.12732788,23.00527371,28.13261462,"32","11"
"species",28,28,126.603213711394,2518.54716704541,33,0,131.9382512,0,"32","18"
"species",29,29,122.429584952774,2229.83907923795,32.9577494400514,0,122.6817566,0,"31","18"
"species",30,30,132.782804426329,1624.3818702514,32.1599250582152,1.12732788,23.00527371,28.13261462,"31","18"
"species",31,31,135.126138059464,1931.98179104857,32,0,123.9381204,0,"31","18"
"species",32,32,136.147609161262,2188.00916170622,32,0,105.3622251,0,"31","18"
"species",33,33,134.366479583776,2201.77524226325,32,0,105.3622251,0,"31","13"
"species",34,34,127.193317079874,1795.28787147153,31.0161309491026,0.330487631,6.963554461,4.487952357,"32","18"
"species",35,35,124.550329166069,1841.59923755817,31.2947072971426,0.330487631,6.963554461,4.487952357,"32","18"
"species",36,36,135,1988,32,0,294.5806414,0,"31","18"
"species",37,37,136.11953086267,2003.79662178428,32,0,294.5806414,0,"31","18"
"species",38,38,130.225271223393,2073.18975484179,31,0,294.5806414,0,"31","18"
"species",39,39,137.402164439335,1832.19739462246,32.8362246232775,5.537295974,16.85143025,7.6054687,"32","18"
"species",40,40,121.739064906175,1875.38303486836,32.0236230803763,0.330487631,6.963554461,4.487952357,"32","11"
"species",41,41,106.062139577358,2882.05403251952,31.7476764593612,0,34.79562648,0,"32","11"
"species",42,42,124.662867402245,742.456793778809,31.1362514873874,16.02850254,5.105519101,1.518623386,"31","13"
"species",43,43,135.00585213033,2326.63031434179,33,0,131.9382512,0,"31","18"
"species",44,44,121.487740812456,1597.57696848965,33.7301841899862,0,173.5961919,0,"32","18"
"species",45,45,96.8412669378873,937.601489502454,28.1035848425934,0.280180551,22.55660234,0,"32","13"
"species",46,46,135.027795571307,675.388378210707,34.4674239107985,29.0328483,8.256227348,0,"31","11"
"species",47,47,130.086348855732,672.850115593281,35.9802664361432,57.6378679,5.623193259,2.560358706,"31","18"
"species",48,48,124.931272948141,1823.9357819633,31.2026671303304,0.330487631,6.963554461,4.487952357,"32","11"
"species",49,49,125.413307240394,2482.242339568,34.4597025505654,0,70.63825139,0,"32","18"
"species",50,50,125.58543185657,656.286297088963,31,15.18059091,10.12129437,2.839168888,"31","12"
"species",51,51,128.645869079271,703.240129135644,33.7892751130121,29.0328483,8.256227348,0,"31","13"
"species",52,52,141.550552395799,646.865480296792,36.9230674064159,57.6378679,5.623193259,2.560358706,"31","18"
"species",53,53,140,2039.18026215364,32,0,170.0745195,0,"31","18"
"species",54,54,123.107186880594,659.432851523363,31,15.18059091,10.12129437,2.839168888,"31","13"
"species",55,55,137.095639040726,657.825863317119,36,57.6378679,5.623193259,2.560358706,"31","18"
"species",56,56,139.963973438072,650.096070831807,35.22353087465,35.72380336,8.923438758,2.311630946,"31","18"
"species",57,57,122.090092994495,670.439618867408,31.5885401385203,21.44220167,7.391513063,4.110154002,"31","11"
"species",58,58,95.8305206380917,1622.96423396399,29.5251220998665,0.410393228,13.27943505,0,"32","11"
"species",59,59,121.461630152742,2337.17803244404,32.9828621292287,0,176.2639224,0,"31","18"
"species",60,60,139.148576433244,2136.14533678825,32,0,194.4239437,0,"31","18"
"species",61,61,131.799787170751,626.077026560259,34.0933835637062,21.44220167,7.391513063,4.110154002,"31","13"
"species",62,62,132.081970214747,1715.18739065088,30,23.99257252,6.972053779,11.75421414,"32","11"
"species",63,63,133.561525677222,900.957440322471,29,2.60634297,37.67267013,6.838866456,"31","18"
"species",64,64,132.901975484643,2028.1827495152,31.1392197366823,0,294.5806414,0,"32","18"
"species",65,65,119.379781773889,871.37859994165,30.2698374985979,0.94939165,34.07494816,0,"32","11"
"species",66,66,123.407380785041,1784.16899619181,24.7802618979561,43.43858521,0,4.049319371,"31","12"
"species",67,67,141.230413339073,666.611226128994,35.3996762489342,81.09481554,4.229111868,5.284178289,"31","18"
"species",68,68,113.953715158007,558.272062600798,46.149506031442,19.65079791,2.607823693,0.963929762,"31","12"
"species",69,69,131.694477517624,641.680439456564,34.5310158511969,42.42947395,12.44942108,0,"31","13"
"species",70,70,115.809330602865,663.190634384488,33.1301570425805,21.44220167,7.391513063,4.110154002,"31","13"
"species",71,71,123.440243601134,1869.70966232808,31.7637123642456,0.330487631,6.963554461,4.487952357,"31","18"
"species",72,72,123.542161248583,620.023647703768,37,37.06402126,6.487973454,3.397277381,"31","18"
"species",73,73,103.690938922932,801.077219564919,29.2862894018244,15.11043496,1.843373575,0.778437432,"31","11"
"species",74,74,121.686289294379,721.696010374876,31.6945095893376,15.11043496,1.843373575,0.778437432,"31","13"
"species",75,75,116.797778532832,738.641249328192,31.0679117222469,15.11043496,1.843373575,0.778437432,"31","13"
"species",76,76,112.955524032777,2384.07634523982,32.0529261042178,0,122.6817566,0,"31","18"
"species",77,77,109.944265716374,2308.86803743232,33.7537345587705,0,65.53214536,0,"31","18"
"species",78,78,124.539317596382,947.170506351835,30.9523861351575,0.94939165,34.07494816,0,"32","18"
"species",79,79,122.206152120455,2277.48255341988,33,0,122.6817566,0,"31","18"
"species",80,80,123.160577194663,882.986216862881,28.9283435810786,2.60634297,37.67267013,6.838866456,"32","18"
"species",81,81,123.028068048596,765.845198481245,30.1856401383049,16.02850254,5.105519101,1.518623386,"31","18"
"species",82,82,155.896987253165,765.019835112285,27,7.024026233,0,46.84620592,"31","18"
"species",83,83,124.466258343164,846.622282845876,28.1633250655198,17.16661537,6.598909338,2.863393877,"31","12"
"species",84,84,125.529601242656,655.171804000401,32.2253813099607,21.44220167,7.391513063,4.110154002,"32","11"
"species",85,85,134.316083238623,653.570782100578,37,57.6378679,5.623193259,2.560358706,"31","13"
"species",86,86,134.380944656144,682.037762805791,33.9102648850948,29.0328483,8.256227348,0,"31","13"
"species",87,87,134.102828123592,675.371700021365,35.9652378988254,57.6378679,5.623193259,2.560358706,"31","13"
"species",88,88,128.099115752469,2220.58173693436,33,0,123.4893806,0,"31","11"
"species",89,89,136.549364267787,650.921422042682,37,57.6378679,5.623193259,2.560358706,"31","13"
"species",90,90,134.740842610232,658.216765192655,36.3302317699381,35.4788309,2.294324006,1.297314748,"31","18"
"species",91,91,119.792450222331,642.475589623246,34.6810701866391,37.26472623,6.826104475,2.178108487,"32","11"
"species",92,92,121.891944993179,638.991515338803,34.9704873929768,37.26472623,6.826104475,2.178108487,"32","13"
"species",93,93,100.687254742639,667.054085797477,37.0455800688727,37.06402126,6.487973454,3.397277381,"31","11"
"species",94,94,124.024881251262,1017.26656302121,31.2660420384408,0.94939165,34.07494816,0,"32","11"
"species",95,95,133.078471417238,538.26886514134,44,38.865594,2.40851599,1.001091991,"31","13"
"species",96,96,129.423635424953,750.524581510631,30.4378962870344,16.02850254,5.105519101,1.518623386,"33","13"
"species",97,97,120.907609674314,668.067382497719,31.6258801978047,21.44220167,7.391513063,4.110154002,"31","12"
"species",98,98,126.707643550284,657.343735525816,32,21.44220167,7.391513063,4.110154002,"31","12"
"species",99,99,121.831863832543,670.42938806505,31,21.44220167,7.391513063,4.110154002,"31","12"
"species",100,100,134.442981752192,615.518719516515,35,37.26472623,6.826104475,2.178108487,"31","13"
"species",101,101,120.477013291298,534.680353091873,45.7866111051155,19.65079791,2.607823693,0.963929762,"31","12"
"species",102,102,118.824984166812,2310.86858637658,32.8356995969526,0,122.6817566,0,"31","18"
"species",103,103,128.522322451142,954.201137895097,31.5489202946144,0.94939165,34.07494816,0,"32","11"
"species",104,104,130.295589405708,823.322279776091,28.9243363131077,17.16661537,6.598909338,2.863393877,"32","18"
"species",105,105,115.479440556477,989.730175430664,22.9791598080482,1.511478024,28.4208772,5.099162657,"32","11"
"species",106,106,123.160722063841,720.216347189927,31.6829158428809,15.11043496,1.843373575,0.778437432,"31","18"
"species",107,107,134.91734141962,685.853751421062,33.3743275747108,15.11043496,1.843373575,0.778437432,"31","18"
"species",108,108,136.107356771069,1785.32431169614,32,0,141.1877689,16.43710807,"31","18"
"species",109,109,124.384490543496,735.215885772776,31.3375966102451,15.11043496,1.843373575,0.778437432,"31","13"
"species",110,110,120.752711549413,674.970259820615,36.4907957147423,57.6378679,5.623193259,2.560358706,"31","18"
"species",111,111,104.785264107372,687.126477009182,36.1148553579534,44.38970266,3.205442272,3.681773963,"31","13"
"species",112,112,147.152669759717,702.684512887518,31.5063775769855,48.05322131,6.004509926,5.240878011,"31","13"
"species",113,113,131.184656212216,698.034249894798,34.116522169921,81.09481554,4.229111868,5.284178289,"31","13"
"species",114,114,135.318834139315,686.67265801064,34.3448368553647,81.09481554,4.229111868,5.284178289,"31","18"
"species",115,115,115.424529834349,657.590564664807,36.5042546160602,44.38970266,3.205442272,3.681773963,"31","13"
"species",116,116,118.813504151163,728.6347985674,31.3676111357903,15.11043496,1.843373575,0.778437432,"31","13"
"species",117,117,128.244525938526,736.24671502016,30.888017918342,36.46809388,3.943634702,0,"31","18"
"species",118,118,116.553443339711,549.427115353283,46.8706889997579,19.65079791,2.607823693,0.963929762,"31","13"
"species",119,119,130.818282039561,2086.34391837763,32.009287587528,0,60.24209686,4.035398425,"32","18"
"species",120,120,130.441541687157,667.590240467027,36,57.6378679,5.623193259,2.560358706,"31","13"
"species",121,121,124.955614706224,684.869153973977,36.1480505620876,57.6378679,5.623193259,2.560358706,"31","18"
"species",122,122,142.619889579017,846.127373820387,28.5070489612311,27.00672829,9.836987784,5.031787593,"31","13"
"species",123,123,121.993117461225,743.62146175578,31.2261330220664,48.05322131,6.004509926,5.240878011,"31","13"
"species",124,124,133.70139107075,708.943129882565,32.031633842454,61.71447547,2.220604501,25.05913131,"31","18"
"species",125,125,115.622882257787,763.201774256297,31,15.11043496,1.843373575,0.778437432,"31","12"
"species",126,126,126.226900278294,708.307009294934,33.5617363584067,29.0328483,8.256227348,0,"31","18"
"species",127,127,121.927372756122,766.13097558556,29.8307331661296,36.46809388,3.943634702,0,"31","13"
"species",128,128,131.759383366702,706.736557888389,32.80806106389,15.11043496,1.843373575,0.778437432,"33","18"
"species",129,129,134.462817927664,711.230269727037,32.8586862783318,48.05322131,6.004509926,5.240878011,"31","12"
"species",130,130,131.129862981527,729.934910492062,31.3715270811743,48.05322131,6.004509926,5.240878011,"31","18"
"species",131,131,103.354719468212,806.375678391784,29,15.11043496,1.843373575,0.778437432,"31","11"
"species",132,132,106.807345518681,695.339987283083,31.0595177620988,15.18059091,10.12129437,2.839168888,"31","12"
"species",133,133,117.670018357764,758.995636523183,30.5785625827167,15.11043496,1.843373575,0.778437432,"31","18"
"species",134,134,135.942584602738,697.805382566528,33,15.11043496,1.843373575,0.778437432,"31","18"
"species",135,135,108.77958789481,782.760764719739,29.8547162394108,15.11043496,1.843373575,0.778437432,"31","12"
"species",136,136,115.328402358759,706.778300425795,35.4264974502936,57.6378679,5.623193259,2.560358706,"31","13"
"species",137,137,133.9643810694,756.62813899788,30,44.86145394,1.250604749,30.91417916,"31","12"
"species",138,138,123.497109858835,680.250469846152,33.5279757088731,35.72380336,8.923438758,2.311630946,"31","13"
"species",139,139,136.867690328598,726.719982329976,31.3241949078308,43.09401964,3.291684299,11.34326558,"31","13"
"species",140,140,115.013415257869,683.767858228078,34.2895910497955,42.42947395,12.44942108,0,"31","12"
"species",141,141,136.735196060141,635.161040457202,37.3546028736343,35.4788309,2.294324006,1.297314748,"31","13"
"species",142,142,110.40051081588,785.600722165731,29.864616013458,48.05322131,6.004509926,5.240878011,"31","11"
"species",143,143,119.008548114783,916.056010467063,29.0360521953725,8.6820767,1.920838358,0.711016946,"31","18"
"species",144,144,106.007177936945,651.799076029206,37.7014928624513,37.06402126,6.487973454,3.397277381,"31","12"
"species",145,145,117.81780170091,626.909946172953,38,37.06402126,6.487973454,3.397277381,"31","12"
"species",146,146,117.647811129154,731.256510146707,31.8889209695923,29.0328483,8.256227348,0,"31","13"
"species",147,147,118.698811716044,625.705192497571,38,37.06402126,6.487973454,3.397277381,"31","13"
"species",148,148,116.223153999071,625.412898851449,38.7953686860396,37.06402126,6.487973454,3.397277381,"31","13"
"species",149,149,117.049360433727,768.264491599276,30.4910876344835,48.05322131,6.004509926,5.240878011,"31","11"
"species",150,150,122.356641872588,636.615042350889,35.2870876757075,37.26472623,6.826104475,2.178108487,"31","13"
"species",151,151,148,710.149434483802,31,52.77933483,11.57085103,22.39424401,"31","18"
"species",152,152,122.76141398251,614.834989346158,38,37.06402126,6.487973454,3.397277381,"31","13"
"species",153,153,121.205089139619,618.433125638031,38.0798116863125,37.06402126,6.487973454,3.397277381,"31","13"
"species",154,154,136.96044571612,1653.75710284522,31,10.45283536,37.46040469,45.77663377,"32","18"
"species",155,155,138.544174286883,708.736409230863,32.8050865971369,16.02850254,5.105519101,1.518623386,"31","18"
"species",156,156,127.274401137769,647.042151092625,31.9500781649067,15.18059091,10.12129437,2.839168888,"31","13"
"species",157,157,129.12582513763,735.905563995997,31.1632384855546,16.02850254,5.105519101,1.518623386,"31","18"
"species",158,158,142.967286921906,626.375989887477,36,61.31960558,1.088210293,17.01928901,"31","18"
"species",159,159,129.593338620491,638.452041846846,37.934202158464,42.74220442,4.374857889,2.362380532,"31","12"
"species",160,160,136.861413577135,621.195541709474,38,65.14024442,1.400990109,16.54531378,"31","18"
"species",161,161,133.097835145723,1899.70427438215,32.9326090806505,5.537295974,16.85143025,7.6054687,"32","18"
"species",162,162,136.515560293633,1687.97661598339,31.1619955306773,23.99257252,6.972053779,11.75421414,"31","18"
"species",163,163,113.450172553048,905.384618875754,29.5543043904905,0.94939165,34.07494816,0,"32","11"
"species",164,164,96.9719505050734,735.903824673142,30,21.44220167,7.391513063,4.110154002,"31","11"
"species",165,165,122.088450045842,540.83645662086,46.7290023938867,19.65079791,2.607823693,0.963929762,"31","12"
"species",166,166,116.653571554514,1037.66065180715,31.0368386204701,0.280180551,22.55660234,0,"32","18"
"species",167,167,131.316920993863,625.492175290825,34.9721530744179,37.26472623,6.826104475,2.178108487,"31","13"
"species",168,168,135.916463076633,1674.63100120505,31,23.91464734,22.28369529,15.85436311,"32","13"
"species",169,169,123.986582038151,1842.13417961849,30.8561844312965,1.634309011,7.173094045,7.182156319,"32","11"
"species",170,170,133.513246657607,623.182529439303,34.4743152851871,21.44220167,7.391513063,4.110154002,"31","13"
"species",171,171,131.764359408317,2440.65772251638,32,0,194.4239437,0,"31","18"
"species",172,172,126.384243625407,1758.49381042116,31.0568875449378,1.634309011,7.173094045,7.182156319,"32","11"
"species",173,173,114.531396151869,2829.20806979953,32,0,67.32846192,0,"32","18"
"species",174,174,118.995675065239,650.390852961781,34,21.44220167,7.391513063,4.110154002,"31","13"
"species",175,175,124.681201590798,2246.04683489171,33,0,122.6817566,0,"31","18"
"species",176,176,137.118678197285,1854.96077786829,33.4370649127637,1.047319797,12.67797139,0,"32","18"
"species",177,177,132.469173016359,2400.57765386048,32.9647022966412,0,196.6838002,0,"32","18"
"species",178,178,125.654088329785,648.422720897488,32.211758074578,21.44220167,7.391513063,4.110154002,"31","12"
"species",179,179,121.100958542275,2281.84364428503,33,0,122.6817566,0,"31","18"
"species",180,180,117.267311353059,2434.01484508906,33,0,192.7427122,0,"31","11"
"species",181,181,124.354148491127,2298.78079099343,33.0714760449665,0,192.7427122,0,"32","18"
"species",182,182,120.38818773151,2375.57418462303,33,0,192.7427122,0,"31","18"
"species",183,183,123.960430953169,2278.47540906652,33.4050994229641,0,176.2639224,0,"31","18"
"species",184,184,129.522548596304,2212.58912057052,34,0,176.2639224,0,"33","18"
"species",185,185,136.611191313685,2183.9204968469,33,0,131.9382512,0,"31","18"
"species",186,186,136.221996482665,1649.25028414712,32.0146215561131,1.12732788,23.00527371,28.13261462,"32","18"
"species",187,187,138.126813152526,2287.65002747666,32,0,194.4239437,0,"32","18"
"species",188,188,129.56057126628,1842.53982325296,33.2267042518183,1.230742456,54.82371669,0,"33","18"
"species",189,189,130.407536818837,1753.67785856874,30.5920673935222,23.91464734,22.28369529,15.85436311,"31","18"
"species",190,190,130.399850762388,1741.96694939653,30,23.91464734,22.28369529,15.85436311,"32","11"
"species",191,191,93.1078041091331,1546.3549528601,28.2189065991712,1.226989831,3.755907139,0,"32","18"
"species",192,192,131.746870466977,2054.38940661863,32.463781935294,0,60.24209686,4.035398425,"32","18"
"species",193,193,123.602116785834,745.938993665659,31.4986765852095,48.05322131,6.004509926,5.240878011,"31","13"
"species",194,194,126.025318263718,636.083528637602,34,21.44220167,7.391513063,4.110154002,"31","13"
"species",195,195,131.795930010873,630.354656371162,34,21.44220167,7.391513063,4.110154002,"32","13"
"species",196,196,121.196156955515,2318.83059597768,33,0,176.2639224,0,"32","18"
"species",197,197,120.775399160923,2341.51068241856,33,0,176.2639224,0,"32","18"
"species",198,198,123.636903201409,2309.57319289695,33.5512775351261,0,176.2639224,0,"31","18"
"species",199,199,121.765020082541,2312.18580332599,33,0,176.2639224,0,"32","18"
"species",200,200,123.755131721776,888.125019577446,31.4642027800963,0.774659952,15.09569094,0,"32","18"
"species",201,201,120.016074431185,922.906563244924,29.8574676221283,0.94939165,34.07494816,0,"32","11"
"species",202,202,116.075769860481,2346.81379813755,33,0,70.82162147,0,"31","18"
"species",203,203,122.402054994755,1860.71111783818,31.4303343585144,5.036318203,23.6999329,19.29514959,"31","11"
"species",204,204,138.74521865617,1739.63396906275,33.8955182974055,1.230742456,54.82371669,0,"31","18"
"species",205,205,131.652621771039,1720.18253482207,32,5.036318203,23.6999329,19.29514959,"31","18"
"species",206,206,129.754187064317,2350.334913359,31.9160478668419,0,194.4239437,0,"31","18"
"species",207,207,136.562787889084,1853.4246882703,33,0.28148691,27.71730315,2.140618419,"31","18"
"species",208,208,125.748240552618,2406.01918197293,31.0769751894255,0,194.4239437,0,"31","18"
"species",209,209,119.239570248602,889.738385859213,30.6414097867966,0.94939165,34.07494816,0,"31","11"
"species",210,210,116.709828151611,954.79074432256,30.1569312898242,0.94939165,34.07494816,0,"32","11"
