"species","x","y","bio10_16","bio12_16","bio15_16","moose2015","red_deer2015","roe_deer2015","Forest_Type","Forest_Productivity"
"species",1,1,151.831315800692,793.183877312064,26,67.31210855,0,41.20556595,"31","18"
"species",2,2,147.957721089401,817.459726828904,25,98.01839732,0,77.66208651,"31","12"
"species",3,3,148.675869468556,826.255850020152,25,59.47566632,0,35.29766864,"31","13"
"species",4,4,150.111393850867,820.723074053276,25.3171268392706,59.47566632,0,35.29766864,"31","13"
"species",5,5,146.446668026501,829.093252201446,25,59.47566632,0,35.29766864,"31","18"
"species",6,6,149,819.738977081818,25,59.47566632,0,35.29766864,"31","13"
"species",7,7,150.77726355638,802.087180304615,26,67.31210855,0,41.20556595,"31","13"
"species",8,8,149.016270467897,824.429447480311,25.0627615641869,59.47566632,0,35.29766864,"31","12"
"species",9,9,151.132951730749,811.882472434646,25.5482296503327,98.01839732,0,77.66208651,"31","12"
"species",10,10,149.737417941945,820.643563529203,25,59.47566632,0,35.29766864,"31","12"
"species",11,11,150.325690671737,818.732716948762,25.1628453358685,59.47566632,0,35.29766864,"31","18"
"species",12,12,152.292484697146,806.899497340535,26,59.47566632,0,35.29766864,"31","13"
"species",13,13,148.86220727568,827.467462081023,25,59.47566632,0,35.29766864,"31","18"
"species",14,14,153.501238915439,807.261234015284,25.2537300281807,59.47566632,0,35.29766864,"31","18"
"species",15,15,153.446749082602,802,26,52.42805035,0,92.6719687,"31","12"
"species",16,16,146.000545639136,831.889880185505,25,59.47566632,0,35.29766864,"31","13"
"species",17,17,151.46538190958,794.781480223063,25.9288675966386,67.31210855,0,41.20556595,"31","18"
"species",18,18,149.587690298205,821.868758707396,25,59.47566632,0,35.29766864,"31","12"
"species",19,19,153.505889265283,808.296924253861,25.8263705802744,59.47566632,0,35.29766864,"31","18"
"species",20,20,151.5374133474,812.745416685059,25.4385990926378,98.01839732,0,77.66208651,"31","12"
"species",21,21,149.812625635594,819.709606654835,25,98.01839732,0,77.66208651,"31","12"
"species",22,22,152.346210686554,805.223990092493,26,98.01839732,0,77.66208651,"31","12"
"species",23,23,150.600185918193,807.935817073551,25.3637391440049,69.53884645,0,31.96862846,"31","13"
"species",24,24,149,812.607797098357,25.8480507254108,98.01839732,0,77.66208651,"31","13"
"species",25,25,152.009151275728,805.00451915678,26,98.01839732,0,77.66208651,"31","12"
"species",26,26,150.654055449326,815.687123230559,25.3341765308469,98.01839732,0,77.66208651,"31","12"
"species",27,27,159.698909434552,750.794695173742,27,8.569329011,0,32.45822137,"31","11"
"species",28,28,150.691294171954,814.935954095443,25.3169116811921,98.01839732,0,77.66208651,"31","12"
"species",29,29,147.83895676484,817.890016109447,25.2702598066086,98.01839732,0,77.66208651,"31","12"
"species",30,30,152.321052765972,804.130949225046,26,98.01839732,0,77.66208651,"31","13"
"species",31,31,148.135793509749,815.318724815925,25.449140856113,98.01839732,0,77.66208651,"31","12"
"species",32,32,150.197809609908,800.212700070903,25.1008740602216,67.31210855,0,41.20556595,"31","18"
"species",33,33,149.979202462458,814.342261139289,25.6644347151778,67.31210855,0,41.20556595,"31","12"
"species",34,34,150.57041806926,809.480485697829,25.784753850236,67.31210855,0,41.20556595,"31","12"
"species",35,35,149.264423398958,817.45567556751,25.253681725366,67.31210855,0,41.20556595,"31","12"
"species",36,36,149.633217384577,810.797018395166,25.8903395681244,98.01839732,0,77.66208651,"31","12"
"species",37,37,150.73625584176,807.366331321938,26,98.01839732,0,77.66208651,"31","13"
"species",38,38,149.076945155087,813.139256006062,25.6299085286764,98.01839732,0,77.66208651,"31","13"
"species",39,39,152.53716498097,792.593533359101,26,69.53884645,0,31.96862846,"31","18"
"species",40,40,151.5238042758,811.784637210654,26,98.01839732,0,77.66208651,"31","12"
"species",41,41,155.823089817412,799.669824692438,26.1071024883568,59.47566632,0,35.29766864,"31","13"
"species",42,42,150.655159944256,791.910217065091,26,69.53884645,0,31.96862846,"31","18"
"species",43,43,150.232701998476,813.459271454911,26,69.53884645,0,31.96862846,"31","12"
"species",44,44,155.456850021906,793.255529808236,26,59.47566632,0,35.29766864,"31","18"
"species",45,45,150.907763352904,813.984823861965,25.638450473974,98.01839732,0,77.66208651,"31","12"
"species",46,46,158.003133651577,770.836338471546,26,62.2622717,0,44.70750139,"31","18"
"species",47,47,151.441265722514,811.101681106801,26,59.47566632,0,35.29766864,"31","13"
"species",48,48,150.198204120287,822.055144257876,25,59.47566632,0,35.29766864,"31","18"
"species",49,49,159.42939211349,746.439865590664,27,8.569329011,0,32.45822137,"31","18"
"species",50,50,152,798.998420150945,26,67.31210855,0,41.20556595,"31","12"
"species",51,51,151.081474465486,800.169774265315,26,69.53884645,0,31.96862846,"31","12"
"species",52,52,150.293856186687,816.287346732792,25.1689152928523,59.47566632,0,35.29766864,"31","13"
"species",53,53,145.146576332727,822.69260564646,25.0603471836566,69.53884645,0,31.96862846,"31","12"
"species",54,54,151.52999071867,786.957956439034,26,69.53884645,0,31.96862846,"31","18"
"species",55,55,151.051809447979,792.762494270804,26,69.53884645,0,31.96862846,"31","18"
"species",56,56,155.55836508214,794.440872055146,26.9877385617273,59.47566632,0,35.29766864,"31","18"
"species",57,57,151.634500163207,791.927280983988,26,69.53884645,0,31.96862846,"31","13"
"species",58,58,151.709532220338,787.892203240543,26,69.53884645,0,31.96862846,"31","13"
"species",59,59,151.764637954248,806.558349714581,25.9599403841475,98.01839732,0,77.66208651,"31","12"
"species",60,60,147.528182726214,817.77144451069,25.1700372763096,69.53884645,0,31.96862846,"31","12"
"species",61,61,151.617985823681,804.230761063369,26,67.31210855,0,41.20556595,"31","13"
"species",62,62,154.370691765801,806.653051669838,26.1098090264625,59.47566632,0,35.29766864,"31","18"
"species",63,63,149.617884070658,824.573354178383,25,59.47566632,0,35.29766864,"31","18"
"species",64,64,160,742.92093432849,27.3008129369692,8.569329011,0,32.45822137,"31","12"
"species",65,65,148.696271815024,813.41850107563,25.5885436217828,98.01839732,0,77.66208651,"31","12"
"species",66,66,147.839136609654,819.083327185871,25,98.01839732,0,77.66208651,"31","12"
"species",67,67,150.003540009689,820.001257473094,25,59.47566632,0,35.29766864,"31","18"
"species",68,68,149.517309288349,816.918923735105,25.5035348046201,67.31210855,0,41.20556595,"31","12"
"species",69,69,147.82016940686,816.85460294968,25.6215731409595,69.53884645,0,31.96862846,"31","13"
"species",70,70,150.839868540068,792.842508195153,26,69.53884645,0,31.96862846,"31","13"
"species",71,71,150.104120645782,794.515868527455,26,69.53884645,0,31.96862846,"31","13"
"species",72,72,150.721497982825,813.047177957769,26,98.01839732,0,77.66208651,"31","13"
"species",73,73,148.885007793013,815.535371151145,25.2598974709481,98.01839732,0,77.66208651,"31","12"
"species",74,74,151.197154997362,789.233244256243,26,67.31210855,0,41.20556595,"31","18"
"species",75,75,156,788.956064556807,26,59.47566632,0,35.29766864,"31","18"
"species",76,76,151.141607812098,811.685290321826,25.0159084193379,59.47566632,0,35.29766864,"31","18"
"species",77,77,151.330929545707,798.223896567045,26,67.31210855,0,41.20556595,"31","18"
"species",78,78,151.104978493185,800.987823919887,26,67.31210855,0,41.20556595,"31","12"
"species",79,79,151.070010726399,794.413904184757,25.8995979541183,67.31210855,0,41.20556595,"31","12"
"species",80,80,151.75937512873,789.912303167974,26,67.31210855,0,41.20556595,"31","18"
"species",81,81,151.256749238452,813.973003046192,25.8031441033791,59.47566632,0,35.29766864,"31","13"
"species",82,82,150.23553022018,815.591369745611,25.6221140581506,67.31210855,0,41.20556595,"31","12"
"species",83,83,158.928833204464,784.6326466095,26.588569019509,59.47566632,0,35.29766864,"31","18"
"species",84,84,151.845033397173,805.973045381957,26,98.01839732,0,77.66208651,"31","13"
"species",85,85,146.107641007176,826.872415699375,25,67.31210855,0,41.20556595,"31","18"
"species",86,86,149.605756111253,803.424288797976,25.2675063040106,67.31210855,0,41.20556595,"31","18"
"species",87,87,152.558181987475,800.232917337336,26,98.01839732,0,77.66208651,"31","13"
"species",88,88,151.090865522498,809.289506554967,26,98.01839732,0,77.66208651,"31","18"
"species",89,89,158.035353065176,790.293128069231,26.4108415715177,59.47566632,0,35.29766864,"31","18"
"species",90,90,151.783867894752,812.538674563944,26,98.01839732,0,77.66208651,"31","12"
"species",91,91,149.911222904722,805.48626818198,25.6691286008576,67.31210855,0,41.20556595,"31","18"
"species",92,92,149.859314480623,808.864006184173,25.7185393583489,69.53884645,0,31.96862846,"31","12"
"species",93,93,151.167258509058,817.665482981883,25.8327414909415,59.47566632,0,35.29766864,"31","12"
"species",94,94,151.452497108747,801.044430213356,25.7700261740232,67.31210855,0,41.20556595,"31","12"
"species",95,95,149.30848640842,809.457567957899,25.077121602105,67.31210855,0,41.20556595,"31","18"
"species",96,96,150.170848162864,802.41688954624,25.6207070640157,67.31210855,0,41.20556595,"31","18"
"species",97,97,152.953127121298,800.181867796218,25.9793754199436,67.31210855,0,41.20556595,"31","18"
"species",98,98,150.565921980514,821.269334635563,25.2405022776967,59.47566632,0,35.29766864,"31","13"
"species",99,99,149.442979830756,828.997986933681,25,59.47566632,0,35.29766864,"31","11"
"species",100,100,150.18849753649,802.127007302931,25.6812828390148,67.31210855,0,41.20556595,"31","18"
"species",101,101,152.616721892724,803.037436530644,25.81601051812,67.31210855,0,41.20556595,"31","13"
"species",102,102,152.112478131934,810.532361536243,26,52.42805035,0,92.6719687,"31","12"
"species",103,103,147.297211631394,825.305653824957,25.0596822023755,59.47566632,0,35.29766864,"31","12"
"species",104,104,152.908551976342,809.40672255032,26,59.47566632,0,35.29766864,"31","11"
"species",105,105,153.246907972239,802.920730371208,26,59.47566632,0,35.29766864,"31","13"
"species",106,106,150,813.958697550571,25,59.47566632,0,35.29766864,"31","18"
