"species","x","y","bio10_16","bio12_16","bio15_16","moose2015","red_deer2015","roe_deer2015","Forest_Type","Forest_Productivity"
"species",1,1,112,393,51,8.753547451,0,0,"33","12"
"species",2,2,111.838700673695,393.537664421017,50.9462335578983,8.753547451,0,0,"32","11"
"species",3,3,112.324861816313,393.295254550773,51,8.753547451,0,0,"33","12"
"species",4,4,106.923887315313,679.704516879777,35.1581944106706,22.8350614,3.61248928,2.639437029,"31","12"
"species",5,5,109.462106824164,671.741440290462,35.2667219189714,22.8350614,3.61248928,2.639437029,"31","13"
"species",6,6,109.308474854918,913.735180549551,22.5518870953425,3.805132781,6.104597485,2.942990841,"32","11"
"species",7,7,124.418111371428,642.236306436365,34,21.44220167,7.391513063,4.110154002,"32","11"
"species",8,8,90.8811435756407,854.825500916035,24.7302732684279,3.805132781,6.104597485,2.942990841,"32","11"
"species",9,9,102.231665714105,820.088173272417,25.1002357803159,3.805132781,6.104597485,2.942990841,"32","11"
"species",10,10,84.7176663593154,877.285539188407,24.0337337127964,3.805132781,6.104597485,2.942990841,"32","11"
"species",11,11,114.11386518261,890.38873830807,23,3.805132781,6.104597485,2.942990841,"31","13"
"species",12,12,104.070814924741,831.526678749569,24.5539993748801,3.805132781,6.104597485,2.942990841,"31","12"
"species",13,13,120.516026540345,644.270685852792,36.8767188145098,44.38970266,3.205442272,3.681773963,"31","12"
"species",14,14,120.249049284679,646.214233865647,34.0841495569691,37.26472623,6.826104475,2.178108487,"32","13"
"species",15,15,111.67236372203,649.920132883233,39.4895963433496,78.58042817,5.071184952,4.408980682,"31","13"
"species",16,16,85.6633438320726,857.532173227021,24.4592947013051,3.805132781,6.104597485,2.942990841,"32","11"
"species",17,17,93.967349618721,683.358874106498,29.5416613066279,5.868740568,7.061298869,1.142570777,"32","13"
"species",18,18,97.7140133357899,709.562062866296,33.4173589668481,37.26472623,6.826104475,2.178108487,"33","12"
"species",19,19,118.406288290229,648.185881295905,35,37.26472623,6.826104475,2.178108487,"31","13"
"species",20,20,114.706891444329,635.966164091025,38,37.06402126,6.487973454,3.397277381,"31","13"
"species",21,21,114.683645618283,669.462305697817,32.6159390436486,21.44220167,7.391513063,4.110154002,"32","13"
"species",22,22,140.688242647475,710.489430040915,32,40.50443511,6.059374237,17.46115839,"31","13"
"species",23,23,139.328641279625,609.570538684782,38.4776758358704,65.14024442,1.400990109,16.54531378,"31","18"
"species",24,24,127.797845984167,658.417638651463,37,57.6378679,5.623193259,2.560358706,"31","18"
"species",25,25,133.202973432437,668.082972898561,36,57.6378679,5.623193259,2.560358706,"31","13"
"species",26,26,110.32511919092,537.966146760295,19,2.886409739,0,0,"31","12"
"species",27,27,102.360084646156,548.14055234617,18.8904961138459,2.886409739,0,0,"32","11"
"species",28,28,108.400797334874,538.385273228269,18.9952125123946,2.886409739,0,0,"32","11"
"species",29,29,117.633728745485,643.409499081049,36.3116118069184,22.8350614,3.61248928,2.639437029,"31","12"
"species",30,30,120.969033676334,645.030869814328,37,44.38970266,3.205442272,3.681773963,"31","18"
"species",31,31,119.792450222331,642.475589623246,34.6810701866391,37.26472623,6.826104475,2.178108487,"32","11"
"species",32,32,111.158475736577,760.328491197537,30.1080611492863,9.943917785,4.164504968,1.157522529,"31","13"
"species",33,33,113.220174365775,545.799147085265,34.6190354415596,5.868740568,7.061298869,1.142570777,"32","13"
"species",34,34,117.510054234836,626.545043958122,33.9266147155447,6.366400955,7.882912004,0,"32","11"
"species",35,35,99.0192343806317,749.583492110211,28.0397367551204,8.530747943,3.018622888,1.602894548,"31","12"
"species",36,36,121.660354861116,636.977242364009,38,44.38970266,3.205442272,3.681773963,"31","13"
"species",37,37,137.542226659284,601.120439686627,39,47.04794055,7.578866015,6.142455744,"31","18"
"species",38,38,113.745046662988,646.264247103416,34.3778003050631,44.32803191,13.33544072,0,"31","12"
"species",39,39,95.1760893378188,807.12119278275,25,8.668212291,6.222763537,0.879907196,"33","11"
"species",40,40,117.52265006637,651.04287307529,38,37.85877824,0,1.303659425,"31","13"
"species",41,41,109.04355844688,924.589618216302,22.4029038964586,3.805132781,6.104597485,2.942990841,"32","13"
"species",42,42,114.007593673981,636.096788649732,33.9680193294,6.366400955,7.882912004,0,"32","11"
"species",43,43,131.156020297421,646.620226803792,34.6376211112142,19.89450268,3.837507078,0,"31","18"
"species",44,44,94.1812822987214,777.764666690366,26.5150772572986,8.530747943,3.018622888,1.602894548,"32","13"
"species",45,45,127.503493193864,629.503493193864,38,37.85877824,0,1.303659425,"31","13"
"species",46,46,145.403727744395,584.982734367262,39,73.34505261,0.606095319,10.79659412,"31","18"
"species",47,47,103.086616056221,650.758445776221,34.9113121300003,17.05337136,2.297010785,3.05847174,"31","12"
"species",48,48,140,636.128366919007,35.6204510533712,51.96652046,1.620688141,4.13989386,"31","13"
"species",49,49,136.564751333251,663.302122760068,34.4534738827163,61.31960558,1.088210293,17.01928901,"31","18"
"species",50,50,102.585477664887,708.697697476626,34.0208355862359,42.74220442,4.374857889,2.362380532,"31","12"
"species",51,51,105.76025043555,670.901930975852,34,19.78270079,2.456852267,1.857717786,"31","12"
"species",52,52,129.905048751334,530.83207338083,45.1870194939236,19.65079791,2.607823693,0.963929762,"31","13"
"species",53,53,142.819218416029,736.009069840506,30.9136497702387,12.25076914,0,9.991459665,"31","18"
"species",54,54,108.023479642546,675.447780432635,34.1983624262744,37.26472623,6.826104475,2.178108487,"32","11"
"species",55,55,113.554751199379,646.258229618289,38.4954210354193,78.58042817,5.071184952,4.408980682,"31","13"
"species",56,56,105.143208838401,676.055206768022,33.8567911615993,19.78270079,2.456852267,1.857717786,"31","12"
"species",57,57,83.2510798498282,813.976953585676,27.4408001039476,6.366400955,7.882912004,0,"32","11"
"species",58,58,116.410610610481,652.428251224678,38,44.38970266,3.205442272,3.681773963,"31","11"
"species",59,59,119.003449338714,625.984832232453,34.5168685354244,44.32803191,13.33544072,0,"31","12"
"species",60,60,131.955278843052,643.133777723251,32.9982751117343,21.44220167,7.391513063,4.110154002,"32","11"
"species",61,61,110.974915648456,836.839546278538,24,3.805132781,6.104597485,2.942990841,"32","11"
"species",62,62,111.390575278314,654.980799543977,32.5073852206442,21.44220167,7.391513063,4.110154002,"31","12"
"species",63,63,122.948764411233,627.051235588767,39,37.85877824,0,1.303659425,"31","13"
"species",64,64,136.486501636306,555.316583998766,42.5134983636937,48.81981365,2.860633235,1.919436692,"31","12"
"species",65,65,127.014025920811,634.791700213643,38.7383284460599,37.85877824,0,1.303659425,"31","13"
"species",66,66,122.711897803969,627.001570575866,39.6919101623408,37.85877824,0,1.303659425,"31","18"
"species",67,67,107.321948958816,675.222564629864,35.1768358716248,37.26472623,6.826104475,2.178108487,"33","11"
"species",68,68,91.9462262920664,853.032638910837,24,3.805132781,6.104597485,2.942990841,"32","11"
"species",69,69,102.199284068062,745.538407960025,26.0821848312719,8.668212291,6.222763537,0.879907196,"32","11"
"species",70,70,103.961283340402,890.713920693792,23,3.805132781,6.104597485,2.942990841,"31","12"
"species",71,71,108.6044026574,674.022375692158,34.0303901406595,44.32803191,13.33544072,0,"31","12"
"species",72,72,138.759757017107,647.566032130457,35,61.31960558,1.088210293,17.01928901,"31","18"
"species",73,73,111.155001927187,655.83216764897,33.9780573810919,37.26472623,6.826104475,2.178108487,"31","12"
"species",74,74,89.8096918341427,816.894100615557,26,3.805132781,6.104597485,2.942990841,"32","11"
"species",75,75,103.135312983677,652.071009778461,35,19.26835612,0,2.261500814,"32","11"
"species",76,76,96.5163019369577,855.240245680343,24,3.805132781,6.104597485,2.942990841,"32","11"
"species",77,77,112.362685451625,873.953523709203,23,3.805132781,6.104597485,2.942990841,"31","13"
"species",78,78,109,404.480481204844,50,8.753547451,0,0,"33","12"
"species",79,79,118.578391780352,954.930915929126,22,28.2697902,2.827400105,6.979690234,"31","18"
"species",80,80,101.945097284042,619.230105817145,38,19.26835612,0,2.261500814,"32","11"
"species",81,81,139.911152406692,602.18634836758,38.4498472835993,73.34505261,0.606095319,10.79659412,"31","18"
"species",82,82,107.25282080582,928.370157665549,22.3994091351246,3.805132781,6.104597485,2.942990841,"32","13"
"species",83,83,106.692766299218,543.602320432872,19,2.886409739,0,0,"31","12"
"species",84,84,109.660617645378,533.737225721484,19,2.886409739,0,0,"31","12"
"species",85,85,109.326425392832,535.042958977115,19,2.886409739,0,0,"31","12"
"species",86,86,105.799134729558,551.712984892626,18.5941996182417,2.886409739,0,0,"32","11"
"species",87,87,110.186446863116,534.002186530874,19,2.886409739,0,0,"32","12"
"species",88,88,111.058575432081,414.882849135839,47,8.753547451,0,0,"31","12"
"species",89,89,108.921261316313,541.923827273772,18.6876112227107,2.886409739,0,0,"31","12"
"species",90,90,98.4840997508982,663.238609907756,35.6811203249507,19.26835612,0,2.261500814,"32","11"
"species",91,91,106.850293929001,514.910905208466,26,4.76085459,0,0,"31","12"
"species",92,92,118.537422115072,642.921866421054,35.626644011872,22.8350614,3.61248928,2.639437029,"31","13"
"species",93,93,125.053827453076,625.988114990012,39,47.04794055,7.578866015,6.142455744,"31","18"
"species",94,94,108.406694967622,671.222331228318,34.6415185164675,22.8350614,3.61248928,2.639437029,"31","13"
"species",95,95,116.537941013126,539.139440320073,35.0153907229788,5.868740568,7.061298869,1.142570777,"32","11"
"species",96,96,118.626427506248,651.102860402994,37,44.38970266,3.205442272,3.681773963,"31","18"
"species",97,97,99.1626365815557,818.668320167453,25.9107056844767,3.805132781,6.104597485,2.942990841,"32","11"
"species",98,98,100.765607233937,769.273576197606,26.0497281247147,8.668212291,6.222763537,0.879907196,"33","12"
"species",99,99,111.880795401417,667.822695549451,31.7310087485308,21.44220167,7.391513063,4.110154002,"32","13"
"species",100,100,107.231229537422,678.397243709969,35,22.8350614,3.61248928,2.639437029,"33","12"
"species",101,101,87.9368997700065,730.455658689768,27.5509875156678,5.868740568,7.061298869,1.142570777,"32","13"
"species",102,102,130.885698609466,611.886357001084,39.4481914334534,47.04794055,7.578866015,6.142455744,"31","18"
"species",103,103,109.117784599564,914.814668504704,22.512043913277,3.805132781,6.104597485,2.942990841,"32","11"
"species",104,104,104.483920810175,698.010243411233,30.9828158346101,15.18059091,10.12129437,2.839168888,"32","11"
"species",105,105,145.470921001698,740.833291641998,29.2492034537446,52.77933483,11.57085103,22.39424401,"31","18"
"species",106,106,132.633306220075,628.571683180298,33.8381138485621,21.44220167,7.391513063,4.110154002,"32","13"
"species",107,107,107.243383021261,695.106885091841,30.6454552689139,15.18059091,10.12129437,2.839168888,"31","12"
"species",108,108,122.109386469954,655.618405806863,32.7193307158539,21.44220167,7.391513063,4.110154002,"32","13"
"species",109,109,103.811853242504,620.385558860248,31.7508804649141,5.868740568,7.061298869,1.142570777,"32","11"
"species",110,110,108.900196720692,671.513683304246,35.4151661510299,22.8350614,3.61248928,2.639437029,"32","12"
"species",111,111,113.735300616388,662.11505916263,34.4945102942766,37.26472623,6.826104475,2.178108487,"32","13"
"species",112,112,113.130847996376,667.438737658854,32.5123006647442,21.44220167,7.391513063,4.110154002,"31","18"
"species",113,113,78.8537914498075,872.127386299527,24.9808068529464,3.805132781,6.104597485,2.942990841,"32","11"
"species",114,114,117.29701298524,693.600119981466,29.1211636275776,8.530747943,3.018622888,1.602894548,"31","13"
"species",115,115,105.90843161652,913.568649930949,22.1033463650858,3.805132781,6.104597485,2.942990841,"32","11"
"species",116,116,114.98203604029,643.591890431068,38.3774106855288,78.58042817,5.071184952,4.408980682,"31","13"
"species",117,117,123.184346712024,638.165977965713,36.9903364813807,44.38970266,3.205442272,3.681773963,"31","12"
"species",118,118,92.5010543942617,736.296960489733,30.4819810966498,21.44220167,7.391513063,4.110154002,"32","11"
"species",119,119,106.134140322937,748.493344203173,26.3945183154824,8.668212291,6.222763537,0.879907196,"31","12"
"species",120,120,114.539987517762,654.17553482128,32,21.44220167,7.391513063,4.110154002,"31","12"
"species",121,121,119.06633946606,650.232846184455,37.4839265179342,44.38970266,3.205442272,3.681773963,"31","13"
"species",122,122,96.5729742299061,751.204644408736,30.4135181252019,12.86835577,7.555277427,0,"33","12"
"species",123,123,87.5193931849259,859.61596143975,24.6464206597383,3.805132781,6.104597485,2.942990841,"32","11"
"species",124,124,140.730374122433,653.395076418802,36.2701616149209,57.6378679,5.623193259,2.560358706,"31","13"
"species",125,125,91.6626556111456,936.437329659164,26.8718972776016,0.94939165,34.07494816,0,"32","18"
"species",126,126,80.1989419719486,867.12984269991,24.3531633111778,3.805132781,6.104597485,2.942990841,"32","11"
"species",127,127,111.653793363917,713.75809808064,28.5860769621097,8.530747943,3.018622888,1.602894548,"32","11"
"species",128,128,135.055267449765,649.852612928481,37,57.6378679,5.623193259,2.560358706,"31","13"
"species",129,129,135.640955890716,538.792820563011,44,38.865594,2.40851599,1.001091991,"31","18"
"species",130,130,116.058954483744,626.780235928154,38.3148978757019,37.06402126,6.487973454,3.397277381,"31","13"
"species",131,131,118.439168474591,649.313558784569,36.8042619493532,44.38970266,3.205442272,3.681773963,"31","12"
"species",132,132,112.510194894351,661.099365793673,35,37.26472623,6.826104475,2.178108487,"31","12"
"species",133,133,132.990397250362,626.033609623731,34,21.44220167,7.391513063,4.110154002,"32","13"
"species",134,134,101.443092680151,645.943836823745,30.3554061030752,8.19084272,7.909762312,1.740741502,"31","12"
"species",135,135,106.888384969476,671.993102900839,37.8460254320417,78.58042817,5.071184952,4.408980682,"31","12"
"species",136,136,136.864853586021,604.642592390784,36.5074459768047,22.8350614,3.61248928,2.639437029,"31","12"
"species",137,137,136.70492900735,603.254502748107,37,22.8350614,3.61248928,2.639437029,"31","18"
"species",138,138,104.961487157319,673.115538528043,35.7909351427958,22.8350614,3.61248928,2.639437029,"33","11"
"species",139,139,123.669690012256,612.828135237621,38.3424196235486,37.06402126,6.487973454,3.397277381,"31","13"
"species",140,140,120.150476263235,624.001090286543,38,37.06402126,6.487973454,3.397277381,"31","13"
"species",141,141,108.433682396646,804.202999477946,29.0469771540025,9.943917785,4.164504968,1.157522529,"31","12"
"species",142,142,137.088205130543,770.939679877197,28.1884225190141,52.77933483,11.57085103,22.39424401,"31","18"
"species",143,143,138.553655202145,657.117998649532,36.4328042975606,57.6378679,5.623193259,2.560358706,"31","18"
"species",144,144,119.465790682782,623.137543734032,34.0021937315615,6.366400955,7.882912004,0,"32","13"
