"species","x","y","bio10_16","bio12_16","bio15_16","moose2015","red_deer2015","roe_deer2015","Forest_Type","Forest_Productivity"
"species",1,1,152.801708636535,764.322431719251,27,20.54222974,10.26753813,59.77728131,"31","18"
"species",2,2,159.964448523251,729.190683519323,26.6552292764628,27.68398353,1.196552337,71.68308878,"31","18"
"species",3,3,113.554751199379,646.258229618289,38.4954210354193,78.58042817,5.071184952,4.408980682,"31","13"
"species",4,4,152.687239928467,749.940218343217,28,36.73246483,7.237559382,26.88021893,"31","18"
"species",5,5,114.98203604029,643.591890431068,38.3774106855288,78.58042817,5.071184952,4.408980682,"31","13"
"species",6,6,103.148092775217,1105.51827275732,30.2639273425617,0.329780715,36.92443621,3.634352974,"31","11"
"species",7,7,108.737017035805,1056.76948698089,30.784306348778,0.329780715,36.92443621,3.634352974,"32","11"
"species",8,8,159.550055196546,731.013221455928,26.6241736590045,27.68398353,1.196552337,71.68308878,"31","18"
"species",9,9,156.599508762035,744.990566928791,26,27.68398353,1.196552337,71.68308878,"31","18"
"species",10,10,131.021139819877,1074.16147700427,33.5026424774846,0.280180551,22.55660234,0,"32","18"
"species",11,11,106.402757601271,989.276272806539,24.620817519251,13.77212177,0,0,"32","13"
"species",12,12,104.086553400079,1135.83665056373,29.0401413509383,42.02991678,0,0,"32","13"
"species",13,13,141.037145247757,582.746843462913,39.9392571841712,47.04794055,7.578866015,6.142455744,"31","18"
"species",14,14,131.216219667618,620.852457828779,38.2017603532366,73.34505261,0.606095319,10.79659412,"31","18"
"species",15,15,123.482599617688,1876.06992639609,24.8227789951442,95.29813432,3.564455501,11.27089923,"32","11"
"species",16,16,135.06436276015,629.57586069832,35.5272019257436,42.42947395,12.44942108,0,"31","18"
"species",17,17,116.740796154516,1049.26052125907,31.5695405981461,0.329780715,36.92443621,3.634352974,"32","18"
"species",18,18,114,1325,32,0,73.449384,0,"31","18"
"species",19,19,119.069042111604,1116.40413105717,30,17.92001038,0,0,"32","13"
"species",20,20,135.213288916822,2176.60797495172,33,0,90.43422982,0,"32","18"
"species",21,21,98.0819214093255,730.241637154428,30.7647049201953,6.366400955,7.882912004,0,"32","11"
"species",22,22,127.777925875888,930.515607014261,23,1.511478024,28.4208772,5.099162657,"31","11"
"species",23,23,102.488125279457,1153.05350500026,28.5005992487803,42.02991678,0,0,"32","11"
"species",24,24,121.87905623566,1398.72692036158,31.6297275283793,1.226989831,3.755907139,0,"32","11"
"species",25,25,98.4591221671485,1096.40280896116,24.2645105009284,19.44969093,0,0,"32","12"
"species",26,26,112.760187443502,1159.78019463375,27.9595539668124,17.92001038,0,0,"32","13"
"species",27,27,120.017590375598,2029.95353368607,25.1044040903411,39.0447737,0.063370397,0,"31","13"
"species",28,28,100,897.908722876183,25,43.41047507,0,0,"32","13"
"species",29,29,100.889872950065,885.495571724706,25,43.41047507,0,0,"32","13"
"species",30,30,106.906033627409,1191.15447995499,28.1849045166178,17.92001038,0,0,"32","11"
"species",31,31,96.0307432710585,878.846283644707,24.0307432710585,43.41047507,0,0,"32","13"
"species",32,32,122.813642298858,903.858364950816,23,20.2554799,15.6438953,4.679748147,"33","18"
"species",33,33,152.679544810419,750.549429351332,28,36.73246483,7.237559382,26.88021893,"31","18"
"species",34,34,154.721342887668,717.561081560238,29.132570824697,44.05497245,6.614368484,22.79335791,"31","18"
"species",35,35,143.229554878326,764.294343441392,27,44.05497245,6.614368484,22.79335791,"31","18"
"species",36,36,119.379781773889,871.37859994165,30.2698374985979,0.94939165,34.07494816,0,"32","11"
"species",37,37,116.348352483547,1409.77151713594,30.8516884602926,1.226989831,3.755907139,0,"32","11"
"species",38,38,137.230845146847,2327.36558435163,32.7408500460447,0,90.43422982,0,"32","18"
"species",39,39,119.246926454513,1375.96405285436,31.1297293454697,1.226989831,3.755907139,0,"32","11"
"species",40,40,113.014403208481,954,25,13.77212177,0,0,"31","13"
"species",41,41,150.226765083496,734.261054611882,28.0255906806922,44.05497245,6.614368484,22.79335791,"31","18"
