"species","x","y","bio10_16","bio12_16","bio15_16","moose2015","red_deer2015","roe_deer2015","Forest_Type","Forest_Productivity"
"species",1,1,96.7923550325899,732.924846144083,34,59.78025783,2.347089158,0,"32","11"
"species",2,2,110.731371720104,692.362768742498,35,59.78025783,2.347089158,0,"31","12"
"species",3,3,104.155981838857,723.892744341283,34.703893587827,59.78025783,2.347089158,0,"31","12"
"species",4,4,94.101457229006,730.036925078507,33.5413443999877,44.38970266,3.205442272,3.681773963,"32","11"
"species",5,5,94.9556849041232,735.284736306509,34,57.6378679,5.623193259,2.560358706,"32","11"
"species",6,6,124.955614706224,684.869153973977,36.1480505620876,57.6378679,5.623193259,2.560358706,"31","18"
"species",7,7,93.3051354229001,732.992141787795,33.3051354229001,44.38970266,3.205442272,3.681773963,"32","11"
"species",8,8,97.3066936936985,717.663790025462,34,44.38970266,3.205442272,3.681773963,"32","11"
"species",9,9,90.5463494922948,762.859758392888,32.5779509184152,59.78025783,2.347089158,0,"32","11"
"species",10,10,96.2054812019786,731.946829307908,33.8824946052253,44.38970266,3.205442272,3.681773963,"33","11"
"species",11,11,105.970173504792,719.033896594967,34.2213181974086,59.78025783,2.347089158,0,"31","12"
"species",12,12,93.6139582270919,751.407528417294,33,59.78025783,2.347089158,0,"32","11"
"species",13,13,92.2327477961606,754.531501950376,33,59.78025783,2.347089158,0,"32","11"
"species",14,14,111.552871014884,694.504387023583,35.0524833321577,59.78025783,2.347089158,0,"31","12"
"species",15,15,94.5521756905001,738.856517019216,33.7620814858225,57.6378679,5.623193259,2.560358706,"32","11"
"species",16,16,116.760247001765,684.467949377826,36,57.6378679,5.623193259,2.560358706,"31","12"
"species",17,17,110.348219182255,697.30356163549,35.5421117591799,57.6378679,5.623193259,2.560358706,"31","11"
"species",18,18,110.687836275056,697.976818074534,36,57.6378679,5.623193259,2.560358706,"31","11"
"species",19,19,98.2848827954396,729.59900629121,34.6477446595568,57.6378679,5.623193259,2.560358706,"31","11"
"species",20,20,129.093363821455,656.023457315069,37,57.6378679,5.623193259,2.560358706,"31","18"
"species",21,21,98.5150228960246,725.616598637744,35.1178879289581,47.04794055,7.578866015,6.142455744,"33","11"
"species",22,22,107.261422417941,699.348323334582,35.9767251950302,57.6378679,5.623193259,2.560358706,"31","11"
"species",23,23,107.166152247086,709.583325203729,35.3859693061639,57.6378679,5.623193259,2.560358706,"31","13"
"species",24,24,127.797845984167,658.417638651463,37,57.6378679,5.623193259,2.560358706,"31","18"
"species",25,25,103.767237438996,719.818156613714,34.9553934894974,57.6378679,5.623193259,2.560358706,"31","11"
"species",26,26,91.7731558627781,738.104357085431,32.5949277622266,44.38970266,3.205442272,3.681773963,"32","11"
"species",27,27,113.850251595019,692.892887781804,36,57.6378679,5.623193259,2.560358706,"31","13"
"species",28,28,103.940031165719,711.02180437372,35,57.6378679,5.623193259,2.560358706,"31","12"
"species",29,29,134.312273627813,645.778867788367,37.0005985784741,59.78025783,2.347089158,0,"31","18"
"species",30,30,106.725913954507,707.119118836619,34.9005713445532,59.78025783,2.347089158,0,"31","13"
"species",31,31,115.907739951606,687.623865699436,36,57.6378679,5.623193259,2.560358706,"31","11"
"species",32,32,103.029112686751,708.161585978754,34.7983031598045,44.38970266,3.205442272,3.681773963,"31","11"
"species",33,33,93.1361785670555,752.290854164934,33.0680892835277,59.78025783,2.347089158,0,"32","11"
"species",34,34,130.290214323712,653.17460001789,37,57.6378679,5.623193259,2.560358706,"31","18"
"species",35,35,135.537656220942,644.319949051652,37,59.78025783,2.347089158,0,"31","18"
"species",36,36,109.022087622643,699.05706170816,35.3745349527155,57.6378679,5.623193259,2.560358706,"31","11"
"species",37,37,97.5666113694049,732.103026125479,34.456490534366,57.6378679,5.623193259,2.560358706,"33","11"
"species",38,38,120.969033676334,645.030869814328,37,44.38970266,3.205442272,3.681773963,"31","18"
"species",39,39,99.4244365312139,733.426953083238,35,57.6378679,5.623193259,2.560358706,"33","12"
"species",40,40,104.646803000772,708.786869764003,35.3919245232806,57.6378679,5.623193259,2.560358706,"33","11"
"species",41,41,109.070948155498,703.127480863903,35,59.78025783,2.347089158,0,"31","12"
"species",42,42,115.458289939557,704.139645116697,35,59.78025783,2.347089158,0,"31","13"
"species",43,43,100.814456582068,727.904841180481,33.8602084004258,59.78025783,2.347089158,0,"31","12"
"species",44,44,138.197536773635,653.623173219979,36.6119381127912,57.6378679,5.623193259,2.560358706,"31","18"
"species",45,45,102.400151068135,715.577787997011,34.8855660249291,57.6378679,5.623193259,2.560358706,"33","12"
"species",46,46,104.777032069451,714.6790616115,34.2111785112408,59.78025783,2.347089158,0,"31","12"
"species",47,47,102.92257345864,722.215326460912,34.432555965566,59.78025783,2.347089158,0,"31","12"
"species",48,48,110.053862157869,702.941969605935,35.0813913209325,57.6378679,5.623193259,2.560358706,"31","12"
"species",49,49,102.27992007019,716.992027201964,34.8232565499404,57.6378679,5.623193259,2.560358706,"33","12"
"species",50,50,112.969030074603,690.325961512157,36.1191522259487,57.6378679,5.623193259,2.560358706,"31","13"
"species",51,51,108.803127034969,698.484732831906,35.9396073877337,57.6378679,5.623193259,2.560358706,"31","11"
"species",52,52,96.0171176742784,731.083792851174,34,57.6378679,5.623193259,2.560358706,"32","11"
"species",53,53,103.865551562156,692.986089661915,34.2972858175407,44.38970266,3.205442272,3.681773963,"31","13"
"species",54,54,121.994963785427,683.017649457912,36,59.78025783,2.347089158,0,"31","12"
"species",55,55,100.068792725742,722.343166163778,35,47.04794055,7.578866015,6.142455744,"33","11"
"species",56,56,98.2347417057444,727.841890514859,34.0612157994081,57.6378679,5.623193259,2.560358706,"32","11"
"species",57,57,94.9845102105724,743.090921620142,33.929114554509,57.6378679,5.623193259,2.560358706,"32","11"
"species",58,58,92.1148409404739,748.668942637265,33.0256612798321,57.6378679,5.623193259,2.560358706,"32","11"
"species",59,59,101.614805857586,715.667419319305,35,57.6378679,5.623193259,2.560358706,"33","11"
"species",60,60,93.1200768135445,740.651980829724,33,42.74220442,4.374857889,2.362380532,"32","11"
"species",61,61,93.5937999175902,746.091852002776,33,59.78025783,2.347089158,0,"32","11"
"species",62,62,103.333769348347,720.289524082252,34.8693172027982,59.78025783,2.347089158,0,"31","12"
"species",63,63,102.97148556596,722.878458880417,34.6921163213753,59.78025783,2.347089158,0,"31","11"
"species",64,64,113.183320831459,692.040128660708,36,57.6378679,5.623193259,2.560358706,"31","12"
"species",65,65,94.4545364564283,737.47348879682,34,44.38970266,3.205442272,3.681773963,"32","11"
"species",66,66,99.8482295569096,722.645267854885,34.0736787452127,57.6378679,5.623193259,2.560358706,"31","11"
"species",67,67,98.727003434011,720.000273260265,34.6400733224256,44.38970266,3.205442272,3.681773963,"32","11"
"species",68,68,94.1829816000104,743.071328600611,33.7663307399057,57.6378679,5.623193259,2.560358706,"32","11"
"species",69,69,106.128767385174,715.128627242302,34.3663028631757,59.78025783,2.347089158,0,"31","11"
"species",70,70,104.700474160517,708.81646153545,35.2240075701586,57.6378679,5.623193259,2.560358706,"31","12"
"species",71,71,113.450888614454,692.004159695148,36.0658458191328,57.6378679,5.623193259,2.560358706,"31","13"
"species",72,72,107.266221037992,703.827726614148,35.755407012664,57.6378679,5.623193259,2.560358706,"31","11"
"species",73,73,101.018832141805,727.001390986566,34,59.78025783,2.347089158,0,"31","12"
"species",74,74,103.647834059363,717.718917221281,34.3069499877764,59.78025783,2.347089158,0,"31","12"
"species",75,75,101.017639373291,730.029735867062,34.00175005512,59.78025783,2.347089158,0,"31","12"
"species",76,76,103.193519447593,705.786412421611,35.0907552119234,44.38970266,3.205442272,3.681773963,"32","11"
"species",77,77,104.944072156438,714.778463456792,34.9767436394527,59.78025783,2.347089158,0,"31","12"
"species",78,78,105.45385011217,716.62518532236,35,57.6378679,5.623193259,2.560358706,"31","12"
"species",79,79,110.976429018621,696.464982366815,35.0084408131546,57.6378679,5.623193259,2.560358706,"31","11"
"species",80,80,100.095345578492,702.740797921915,35.0483211297264,44.38970266,3.205442272,3.681773963,"31","12"
