"species","x","y","bio10_16","bio12_16","bio15_16","moose2015","red_deer2015","roe_deer2015","Forest_Type","Forest_Productivity"
"species",1,1,136.16120481381,647.741999583531,36.4088013425796,84.29103591,2.929292738,35.87541889,"31","18"
"species",2,2,147.662978826956,756.942673130532,28.5341951943003,14.4730961,0,24.17657341,"31","18"
"species",3,3,151.278081933026,773.672380886597,28,25.95802664,0,9.768812952,"31","18"
"species",4,4,139.785426429514,800.002012420074,27,25.95802664,0,9.768812952,"31","13"
"species",5,5,145.95955222857,818.204173400086,25,40.43093514,0,0,"31","18"
"species",6,6,151.050261348493,800.061352671804,26,56.43464358,0,18.91236981,"31","18"
"species",7,7,147.65318327121,765.832383562417,27,8.23719688,0,49.22957768,"31","18"
"species",8,8,158.810383101516,746.451812879236,27.6716469968959,50.54217048,0,48.52011888,"31","11"
"species",9,9,148.02913706137,755.825177631783,27.0145685306848,47.54749112,7.159377437,31.17824254,"32","18"
"species",10,10,134.558455100329,815.640787272871,26.5613041393299,25.95802664,0,9.768812952,"31","18"
"species",11,11,148.117781938442,766.395271007844,27.1043460627157,8.23719688,0,49.22957768,"31","13"
"species",12,12,140.136354060822,798.630441230387,27,25.95802664,0,9.768812952,"31","18"
"species",13,13,146.813968704438,656.309822592824,33,61.71447547,2.220604501,25.05913131,"31","18"
"species",14,14,136.564751333251,663.302122760068,34.4534738827163,61.31960558,1.088210293,17.01928901,"31","18"
"species",15,15,144.179640025417,758.396594545622,27.0764839986117,44.05497245,6.614368484,22.79335791,"31","18"
"species",16,16,145.096362260856,767.908813296315,27,27.53508285,8.568839358,31.79996258,"31","18"
"species",17,17,144.111224934573,767.065681029841,27,27.53508285,8.568839358,31.79996258,"31","13"
"species",18,18,151.968692944978,722.024970555122,30.1162874542081,43.09401964,3.291684299,11.34326558,"31","18"
"species",19,19,132.989500082289,680.484780195896,34.9953932635404,84.29103591,2.929292738,35.87541889,"31","18"
"species",20,20,138.471282422022,764.970004063279,29,12.25076914,0,9.991459665,"31","18"
"species",21,21,140.644897385087,775.993742863031,27,44.05497245,6.614368484,22.79335791,"31","13"
"species",22,22,141.773515813391,772.937318105527,27.207684048794,27.53508285,8.568839358,31.79996258,"31","13"
"species",23,23,140.91932344088,777.143148009414,27,27.53508285,8.568839358,31.79996258,"31","13"
"species",24,24,135.41947732076,756.124902106905,30.0622026224854,44.86145394,1.250604749,30.91417916,"31","13"
"species",25,25,149.334452117395,810.298654959767,25.6639275326016,71.33638992,0,32.84966157,"31","13"
"species",26,26,140.310203806134,779.457092979359,26.8957557156659,27.53508285,8.568839358,31.79996258,"31","13"
"species",27,27,147.782327581668,753.170593174828,27.5278801044728,27.53508285,8.568839358,31.79996258,"31","13"
"species",28,28,133,685.388093239154,34,84.29103591,2.929292738,35.87541889,"31","13"
"species",29,29,149.19950009192,810.485739311202,26,82.84455655,0,106.3904331,"31","18"
"species",30,30,137.167872420332,722.449154872811,32,40.50443511,6.059374237,17.46115839,"31","18"
"species",31,31,143.143642390286,722.23186051634,31.8908939252053,40.50443511,6.059374237,17.46115839,"31","18"
"species",32,32,149,792.207616743254,26,82.09591305,1.771473717,64.80229272,"31","18"
"species",33,33,133.533747480319,690.701443493007,34,84.29103591,2.929292738,35.87541889,"31","13"
"species",34,34,138.785105463242,736.197362758998,31.2789769301152,40.50443511,6.059374237,17.46115839,"31","18"
"species",35,35,151.634500163207,791.927280983988,26,69.53884645,0,31.96862846,"31","13"
"species",36,36,135.238224141555,659.072509993256,35.0127672679394,84.29103591,2.929292738,35.87541889,"31","18"
"species",37,37,140.200370661028,692.282298652013,32.067402931623,61.71447547,2.220604501,25.05913131,"32","18"
"species",38,38,121.594575297905,634.675016264424,38,44.38970266,3.205442272,3.681773963,"31","13"
"species",39,39,114.706891444329,635.966164091025,38,37.06402126,6.487973454,3.397277381,"31","13"
"species",40,40,131.894350929939,759.530064020578,30,40.50443511,6.059374237,17.46115839,"31","18"
"species",41,41,145.168296095787,593.420450843668,39,65.14024442,1.400990109,16.54531378,"31","18"
"species",42,42,124.970254636569,667.666119345885,36.9144171871703,57.6378679,5.623193259,2.560358706,"31","13"
"species",43,43,128.930232987572,619.431258262988,39,73.34505261,0.606095319,10.79659412,"31","18"
"species",44,44,137.197911014378,659.439483917761,35.4066144670452,84.29103591,2.929292738,35.87541889,"31","18"
"species",45,45,147.530095666553,748.381911877666,28.9009912316856,41.46017928,8.191929972,30.12976851,"31","18"
"species",46,46,150.600185918193,807.935817073551,25.3637391440049,69.53884645,0,31.96862846,"31","13"
"species",47,47,144.714839349606,767.486860766872,27,27.53508285,8.568839358,31.79996258,"31","18"
"species",48,48,152.009151275728,805.00451915678,26,98.01839732,0,77.66208651,"31","12"
"species",49,49,145.48358057302,729.444491623676,29,51.74144646,1.630122359,10.57013525,"31","18"
"species",50,50,139.354719480306,750.189596110216,28.4552076516595,51.74144646,1.630122359,10.57013525,"31","18"
"species",51,51,152.005449165554,802.989101668891,26,69.53884645,0,31.96862846,"31","12"
"species",52,52,142.744113124065,779.531529464026,27,32.64602464,0.625730858,19.90423045,"31","18"
"species",53,53,143.177313888639,611.551171341656,37.1619437931484,73.34505261,0.606095319,10.79659412,"31","18"
"species",54,54,148.125574219166,748.731869170381,28,42.3937797,3.046792248,27.21135526,"31","13"
"species",55,55,141.939076745064,764.514737495607,27.5858897350641,47.98495095,9.125587817,25.0920897,"31","18"
"species",56,56,121.899217274712,715.499785789388,34,84.29103591,2.929292738,35.87541889,"31","12"
"species",57,57,136.160434636513,746.338592105956,30.7108496508412,40.50443511,6.059374237,17.46115839,"31","18"
"species",58,58,137.307227474677,760.803382159621,29.6311860966042,12.25076914,0,9.991459665,"31","18"
"species",59,59,130.499085662464,781.939429928882,29,12.25076914,0,9.991459665,"31","13"
"species",60,60,153.269321751851,795.785801985115,25.7233619382047,64.27434416,0,97.381295,"31","18"
"species",61,61,143.367793174962,768.003448707547,28,42.3937797,3.046792248,27.21135526,"31","18"
"species",62,62,149.717563996501,718.762514539119,30.8587819982502,43.09401964,3.291684299,11.34326558,"31","18"
"species",63,63,125.358804918068,762.455045656336,30,21.2716249,0,8.598150054,"31","13"
"species",64,64,130.715820775069,675.97522893724,35.9960620768532,81.09481554,4.229111868,5.284178289,"31","18"
"species",65,65,149.994369271562,732.190088932447,28.7599356208227,47.98495095,9.125587817,25.0920897,"31","18"
"species",66,66,151.200666054252,714.332867587836,31,44.86145394,1.250604749,30.91417916,"31","18"
"species",67,67,132.235540206554,689.792161402168,34,84.29103591,2.929292738,35.87541889,"31","13"
"species",68,68,141.821550735159,713.164169244829,30.1944762264572,21.2716249,0,8.598150054,"31","18"
"species",69,69,131.767366360461,613.835739922322,39.7479958586661,47.04794055,7.578866015,6.142455744,"31","18"
"species",70,70,142.661741893376,786.116946707653,27.4479986403577,25.95802664,0,9.768812952,"31","18"
"species",71,71,130.52939004576,680.937959990941,35.8335568998491,81.09481554,4.229111868,5.284178289,"31","13"
"species",72,72,150.53678593868,801.38964218396,25.5367859386802,67.31210855,0,41.20556595,"31","18"
"species",73,73,147.935685990738,816.232598573077,25.4253685933471,82.84455655,0,106.3904331,"31","12"
"species",74,74,146.103572918007,795.550694680993,26,56.43464358,0,18.91236981,"31","13"
"species",75,75,146.204423974617,749.537972761141,27.6032522862666,47.98495095,9.125587817,25.0920897,"31","13"
"species",76,76,132.683833538863,723.866165851749,32,40.50443511,6.059374237,17.46115839,"31","18"
"species",77,77,126.642400972554,663.945121968871,36.9520632580353,57.6378679,5.623193259,2.560358706,"31","18"
"species",78,78,151.845033397173,805.973045381957,26,98.01839732,0,77.66208651,"31","13"
"species",79,79,151.469712929848,805.123894812114,25.9928033982811,67.31210855,0,41.20556595,"31","12"
"species",80,80,152.879998010617,798.120616337619,26,67.31210855,0,41.20556595,"31","13"
"species",81,81,151.36154538463,805.071098310156,25.9560524191557,67.31210855,0,41.20556595,"31","18"
"species",82,82,116.441943948977,623.702936176625,39.7739994737622,37.06402126,6.487973454,3.397277381,"31","13"
"species",83,83,134.333429230974,709.167141785009,31.4620071133132,47.54749112,7.159377437,31.17824254,"31","13"
"species",84,84,148.2206734667,709.016475538804,29.8532034798449,47.54749112,7.159377437,31.17824254,"31","18"
"species",85,85,146.535042726894,719.413854359493,29.6640889789515,47.54749112,7.159377437,31.17824254,"31","18"
"species",86,86,146.297196682722,716.175043164036,29.7363829894922,47.54749112,7.159377437,31.17824254,"31","18"
"species",87,87,131.132093110204,772.901885641424,29.6036080572807,44.86145394,1.250604749,30.91417916,"31","18"
"species",88,88,148.670806138121,812.00451859213,25.0725693151213,71.33638992,0,32.84966157,"31","18"
"species",89,89,119.820956434245,685.351200249626,36.0068868818846,57.6378679,5.623193259,2.560358706,"31","18"
"species",90,90,122.066775908075,689.042504210923,36,65.14024442,1.400990109,16.54531378,"31","13"
"species",91,91,150.226765083496,734.261054611882,28.0255906806922,44.05497245,6.614368484,22.79335791,"31","18"
"species",92,92,155.764296688342,748.90110238458,27.3097380344128,31.85973964,0,56.85620261,"31","18"
"species",93,93,145.152773704363,710.470651171907,31.4513182429986,42.48931168,5.157733352,4.921958628,"31","18"
"species",94,94,138.058654521522,614.096985391499,38,73.34505261,0.606095319,10.79659412,"31","18"
"species",95,95,135.271400692595,624.595926644113,37.5488567511992,73.34505261,0.606095319,10.79659412,"31","18"
"species",96,96,141.266099803022,613.360008876822,37.1313605810383,73.34505261,0.606095319,10.79659412,"31","18"
"species",97,97,140.044231983559,612.876177710308,37,73.34505261,0.606095319,10.79659412,"31","18"
"species",98,98,141.413626390782,614.167660072076,37.6753438010074,73.34505261,0.606095319,10.79659412,"31","18"
"species",99,99,145.029133376094,607.077143706013,37.8887934277622,73.34505261,0.606095319,10.79659412,"31","18"
"species",100,100,138.759757017107,647.566032130457,35,61.31960558,1.088210293,17.01928901,"31","18"
"species",101,101,143.362689159668,741.441372698602,29,47.54749112,7.159377437,31.17824254,"31","18"
"species",102,102,154.478315399743,759.179400942137,27,42.73592039,0,43.93649877,"31","13"
