"species","x","y","bio10_16","bio12_16","bio15_16","moose2015","red_deer2015","roe_deer2015","Forest_Type","Forest_Productivity"
"species",1,1,102.346600291623,743.463682743596,26.003400110935,17.34288675,0,0,"32","13"
"species",2,2,105.962537926156,522.304099529296,27,17.34288675,0,0,"32","12"
"species",3,3,158.017721138089,758.325586081428,27,8.569329011,0,32.45822137,"31","11"
"species",4,4,120.443241168621,1459.97484873016,27.5618365684628,13.83875372,0,0,"31","13"
"species",5,5,113.106941939716,1493.19825850513,23.625957787317,13.38493118,0.319248251,0,"31","13"
"species",6,6,107.742281892905,1084.97378471438,21.8776947678573,27.73827747,26.00016748,5.561003632,"31","11"
"species",7,7,123.72095592065,2086.4100283712,26,39.0447737,0.063370397,0,"32","13"
"species",8,8,116.282458018773,592.673248677337,44,48.81981365,2.860633235,1.919436692,"31","13"
"species",9,9,113.676225967384,882.435757014124,23,3.805132781,6.104597485,2.942990841,"31","12"
"species",10,10,110.826891848673,923.570494979136,22.7828862614473,3.805132781,6.104597485,2.942990841,"32","11"
"species",11,11,119.832348958924,1461.74182799216,24,16.58237498,0.168337369,0,"31","11"
"species",12,12,108.338986963912,1483.10432529543,24.0621441306222,12.84073283,0,0,"31","12"
"species",13,13,120.892425809259,1838.86452393557,25.8706234930693,39.0447737,0.063370397,0,"31","13"
"species",14,14,115.282179221294,1094.26390155507,23,37.24495257,7.865939609,16.45994031,"31","12"
"species",15,15,115.588495909905,1203.23306630562,22.8165358748791,75.88802955,8.758466457,7.375877596,"31","13"
"species",16,16,107.624378070643,488.753987583537,25.4330663683116,3.721849252,0,0,"31","12"
"species",17,17,113.140677317853,1499.94412453037,24.6258055331378,13.38493118,0.319248251,0,"33","18"
"species",18,18,129.745628801241,662.366902528946,36.9636612573201,65.14024442,1.400990109,16.54531378,"31","13"
"species",19,19,126.72017716486,871.247882645963,27.8291749156865,2.60634297,37.67267013,6.838866456,"32","18"
"species",20,20,100.687213631006,681.435379918292,25.6092495117864,14.50580075,0,0,"33","12"
"species",21,21,99.4745466918622,1090.8891883583,24.93401666677,42.02991678,0,0,"32","11"
"species",22,22,100.687254742639,667.054085797477,37.0455800688727,37.06402126,6.487973454,3.397277381,"31","11"
"species",23,23,96.4951410511702,715.415975217087,24.4739898920976,34.91816968,0,0,"32","11"
"species",24,24,99.2534106191455,747.251643616495,25.7650222677565,34.91816968,0,0,"31","13"
"species",25,25,118.45965154517,1177.18290584653,27.0944515194812,16.94876747,6.502416008,5.657901198,"31","11"
"species",26,26,132.854322722245,908.75021842392,30.9107330486223,23.84674571,8.804251692,2.249154622,"31","18"
"species",27,27,102.267690066883,512.763333733543,23.738962554866,3.721849252,0,0,"32","18"
"species",28,28,94.2852418858257,569.051403455059,25.0855037297472,17.34288675,0,0,"32","12"
"species",29,29,97.7608987752157,710.318554806271,33.3933369649828,22.8350614,3.61248928,2.639437029,"31","11"
"species",30,30,137.426083180933,1367.92310726313,30,12.67211611,7.239875415,36.9497844,"31","18"
"species",31,31,111.412601262534,793.774609695424,29.3852576071787,16.02850254,5.105519101,1.518623386,"31","12"
"species",32,32,113.040098556473,1091.82970497403,26.3984306581064,23.22393919,2.078638027,1.526065809,"31","13"
"species",33,33,107.138543142651,653.333208987654,39.7835935901373,73.34505261,0.606095319,10.79659412,"31","11"
"species",34,34,96.3542526443192,824.328144730212,28.0455539478096,9.943917785,4.164504968,1.157522529,"31","13"
"species",35,35,142.585009304808,779.624939984594,27.148738077358,8.23719688,0,49.22957768,"31","13"
"species",36,36,148.174046793311,802.014078268142,26.1104498577346,25.95802664,0,9.768812952,"31","13"
"species",37,37,117.00553172165,1659.55111225429,26.8579331030928,13.83875372,0,0,"31","18"
"species",38,38,105.989380976164,728.342710143626,26.7756283665504,17.34288675,0,0,"32","18"
"species",39,39,137.092420515006,563.598200895992,42.5569657660374,38.865594,2.40851599,1.001091991,"31","13"
"species",40,40,147.379077667167,806.077724924458,26.2041600877094,25.95802664,0,9.768812952,"31","12"
"species",41,41,128.823539361051,891.811986334196,31.2386213303084,0.94939165,34.07494816,0,"32","18"
