"species","x","y","bio10_16","bio12_16","bio15_16","moose2015","red_deer2015","roe_deer2015","Forest_Type","Forest_Productivity"
"species",1,1,108.673710261763,901.436514193948,26.5431369587699,17.16661537,6.598909338,2.863393877,"31","12"
"species",2,2,138.408350610101,759.519837426293,29.3251092655103,45.75073179,7.549714848,3.55799475,"31","12"
"species",3,3,115.87980435214,894.423354069814,23,107.1315294,68.74161834,12.85435873,"31","13"
"species",4,4,112.998572675061,909.044221654927,23,107.1315294,68.74161834,12.85435873,"31","13"
"species",5,5,121.470074006556,902.067606071379,23,107.1315294,68.74161834,12.85435873,"31","18"
"species",6,6,117.434721199898,1079.24428175446,24.5048148546483,49.72442573,29.87064129,31.727145,"31","11"
"species",7,7,113.746908142307,909.725689039538,22.4866430538998,20.2554799,15.6438953,4.679748147,"31","18"
"species",8,8,103.143346348517,616.13864987791,41.412113429033,38.865594,2.40851599,1.001091991,"31","11"
"species",9,9,120.545488892828,862.09497119432,24.5742566934439,91.59537109,0.841762109,20.5676583,"31","12"
"species",10,10,117.81780170091,626.909946172953,38,37.06402126,6.487973454,3.397277381,"31","12"
"species",11,11,129.961646678214,1222.98446524581,22.6018387629661,23.63257344,1.065077013,2.791286503,"31","18"
"species",12,12,121.228674267222,745.422299639004,26,36.25939668,6.648445301,2.712137721,"31","18"
"species",13,13,110.826891848673,923.570494979136,22.7828862614473,3.805132781,6.104597485,2.942990841,"32","11"
"species",14,14,113.658336616797,918.370424007004,23,20.2554799,15.6438953,4.679748147,"31","13"
"species",15,15,120.000291589203,1086.38481146495,24.1144595620389,37.24495257,7.865939609,16.45994031,"31","13"
"species",16,16,113.522068639835,926.213336347307,22.9429919319296,3.805132781,6.104597485,2.942990841,"31","13"
"species",17,17,111.74432330915,828.645875467273,23.6645140910072,82.23118812,21.71678608,13.07621608,"31","12"
"species",18,18,118.290565108473,746.735196606903,26,36.25939668,6.648445301,2.712137721,"31","13"
"species",19,19,114.094436468294,899.267613764022,23,3.805132781,6.104597485,2.942990841,"31","13"
"species",20,20,112.196658118524,561.382387857032,46.0601813589512,19.65079791,2.607823693,0.963929762,"33","12"
"species",21,21,139.985238611092,723.871577505032,31.0605097899262,48.05322131,6.004509926,5.240878011,"31","12"
"species",22,22,139.902921147274,770.975990332918,28.5716705288491,41.46017928,8.191929972,30.12976851,"31","13"
"species",23,23,117,1100.62188596779,25,12.84073283,0,0,"31","12"
"species",24,24,104.302578239486,686.423317743012,33.7608811918803,37.26472623,6.826104475,2.178108487,"31","13"
"species",25,25,115.045658456046,714.57016078118,27.9848739513726,8.530747943,3.018622888,1.602894548,"31","13"
"species",26,26,132.695934916365,899.015164847517,27.9101590130304,27.00672829,9.836987784,5.031787593,"31","11"
"species",27,27,131.45702742365,925.52580029063,26.6047205552377,27.00672829,9.836987784,5.031787593,"31","11"
"species",28,28,109.211053825627,594.011431737713,42,38.865594,2.40851599,1.001091991,"31","12"
"species",29,29,107.819695976788,617.830890104434,41.2681601702177,37.06402126,6.487973454,3.397277381,"31","11"
"species",30,30,126.30356519619,891.904435094644,27.7880837280666,27.00672829,9.836987784,5.031787593,"31","12"
"species",31,31,146.491996198671,824.049918012496,27.2135408400122,27.00672829,9.836987784,5.031787593,"31","12"
"species",32,32,142.805235364152,849.069173637186,28.1776125055108,27.00672829,9.836987784,5.031787593,"31","12"
"species",33,33,122.356641872588,636.615042350889,35.2870876757075,37.26472623,6.826104475,2.178108487,"31","13"
"species",34,34,119.283397534218,1476.64649785089,32.8157477400466,0,72.19790701,0,"31","18"
"species",35,35,123.843311512477,1469.89387926313,33.363101978216,0,72.19790701,0,"31","12"
"species",36,36,121.924156290821,847.731276379786,25,91.59537109,0.841762109,20.5676583,"31","12"
