"species","x","y","bio10_16","bio12_16","bio15_16","moose2015","red_deer2015","roe_deer2015","Forest_Type","Forest_Productivity"
"species",1,1,119.15739992578,909.752664727842,29.0153452372592,23.84674571,8.804251692,2.249154622,"31","13"
"species",2,2,119.792450222331,642.475589623246,34.6810701866391,37.26472623,6.826104475,2.178108487,"32","11"
"species",3,3,125.725186645624,908.863950957089,30,8.6820767,1.920838358,0.711016946,"31","18"
"species",4,4,97.6207583458502,777.516966616599,30.7020788918566,35.72380336,8.923438758,2.311630946,"31","11"
"species",5,5,115.798922171424,649.425805401033,34.4423726020459,37.26472623,6.826104475,2.178108487,"31","13"
"species",6,6,101.256821228969,762.194719908309,31.6388067471456,35.72380336,8.923438758,2.311630946,"31","12"
"species",7,7,106.203071917189,684.692905767735,35.7007346126677,44.38970266,3.205442272,3.681773963,"31","11"
"species",8,8,139.963973438072,650.096070831807,35.22353087465,35.72380336,8.923438758,2.311630946,"31","18"
"species",9,9,95.036743244722,720.900177156316,29.7670441670479,15.18059091,10.12129437,2.839168888,"33","12"
"species",10,10,110.907875283943,1124.00098238268,21.3026250946476,27.73827747,26.00016748,5.561003632,"31","12"
"species",11,11,116.217754200909,1153.51207668043,22,8.105755326,35.03618984,3.452087216,"31","18"
"species",12,12,88.5009368504417,749.12054941925,32.26850638326,44.38970266,3.205442272,3.681773963,"32","11"
"species",13,13,90.2233553580471,741.160608447405,32.7461936225782,44.38970266,3.205442272,3.681773963,"32","11"
"species",14,14,88.5416457925497,746.344697110103,32.1746679227553,22.8350614,3.61248928,2.639437029,"32","11"
"species",15,15,122.327026511364,640.43140764935,36.5616075217412,42.74220442,4.374857889,2.362380532,"31","13"
"species",16,16,125.186126449215,795.070104164261,28,63.27551572,2.493425199,5.000280052,"31","12"
"species",17,17,106.172362233375,685.975400276148,31.1840017225938,21.44220167,7.391513063,4.110154002,"32","11"
"species",18,18,116.0779068747,731.962796650792,33.2424962453977,35.4788309,2.294324006,1.297314748,"31","13"
"species",19,19,110.503771351782,672.042568955532,36.7180583343271,44.38970266,3.205442272,3.681773963,"31","13"
"species",20,20,124.418469905985,638.39310799137,37.6563975523661,44.38970266,3.205442272,3.681773963,"31","18"
"species",21,21,132.637274559026,608.701612559026,39.1366985070353,47.04794055,7.578866015,6.142455744,"31","18"
"species",22,22,107.901475843727,690.753617953245,30.018757723864,15.18059091,10.12129437,2.839168888,"32","13"
"species",23,23,92.602453548991,734.393891266091,29.204935784716,15.18059091,10.12129437,2.839168888,"33","11"
"species",24,24,103.863809461785,691.553716658663,32,21.44220167,7.391513063,4.110154002,"31","11"
"species",25,25,111.273435596988,649.698315408627,37.0921238346966,37.06402126,6.487973454,3.397277381,"31","12"
"species",26,26,111.880795401417,667.822695549451,31.7310087485308,21.44220167,7.391513063,4.110154002,"32","13"
"species",27,27,121.228674267222,745.422299639004,26,36.25939668,6.648445301,2.712137721,"31","18"
"species",28,28,110.826891848673,923.570494979136,22.7828862614473,3.805132781,6.104597485,2.942990841,"32","11"
"species",29,29,130.830983825002,608.519204564023,38.8814514652054,78.58042817,5.071184952,4.408980682,"31","18"
"species",30,30,120.321021793405,629.368342134013,37.4923518464101,22.8350614,3.61248928,2.639437029,"31","18"
"species",31,31,125.441086479708,630.123081835141,35.5330800429411,37.26472623,6.826104475,2.178108487,"33","18"
"species",32,32,115.91431678353,736.166671089272,31.9967651899022,15.11043496,1.843373575,0.778437432,"31","13"
"species",33,33,118.46923893994,732.908333405291,32.1088950470947,15.11043496,1.843373575,0.778437432,"31","18"
"species",34,34,126.955915491664,708.391532847817,32.4294338841915,15.11043496,1.843373575,0.778437432,"31","12"
"species",35,35,125.529601242656,655.171804000401,32.2253813099607,21.44220167,7.391513063,4.110154002,"32","11"
"species",36,36,118.399844927471,650.144920855769,34,37.26472623,6.826104475,2.178108487,"32","13"
"species",37,37,109.912206120409,713.641746301244,32.2770640321749,35.72380336,8.923438758,2.311630946,"31","11"
"species",38,38,118.642445906994,644.917379715886,34.492095227972,37.26472623,6.826104475,2.178108487,"31","13"
"species",39,39,97.3106475666233,763.219812619645,30.4399662187985,35.72380336,8.923438758,2.311630946,"31","11"
"species",40,40,115.389929626706,646.996858208722,36.587943317878,22.8350614,3.61248928,2.639437029,"33","13"
"species",41,41,100.687254742639,667.054085797477,37.0455800688727,37.06402126,6.487973454,3.397277381,"31","11"
"species",42,42,116.261111719199,629.652607673031,38,37.06402126,6.487973454,3.397277381,"31","13"
"species",43,43,101.92863203061,685.403477507222,35.2496859539801,22.8350614,3.61248928,2.639437029,"33","11"
"species",44,44,126.277019835372,616.142964882491,38.6458260793586,37.06402126,6.487973454,3.397277381,"31","18"
"species",45,45,98.5872813555085,673.515336565584,37,37.06402126,6.487973454,3.397277381,"32","11"
"species",46,46,116.555251082596,649.774409827091,35,37.26472623,6.826104475,2.178108487,"31","13"
"species",47,47,103.480386848074,713.341570482849,30,21.44220167,7.391513063,4.110154002,"31","13"
"species",48,48,134.91734141962,685.853751421062,33.3743275747108,15.11043496,1.843373575,0.778437432,"31","18"
"species",49,49,128.70131217654,595.247591827497,41,48.81981365,2.860633235,1.919436692,"31","18"
"species",50,50,127.624320463307,720.155987699347,32.0666351722622,48.05322131,6.004509926,5.240878011,"31","18"
"species",51,51,145.331921277568,708.465997010092,31.2748050705612,48.05322131,6.004509926,5.240878011,"31","12"
"species",52,52,118.532070818509,769.479472616076,30.5844627462719,48.05322131,6.004509926,5.240878011,"31","12"
"species",53,53,137.505153007723,685.07308230882,32.6866136902268,47.9214261,5.847034101,18.71240237,"31","13"
"species",54,54,113.183320831459,692.040128660708,36,57.6378679,5.623193259,2.560358706,"31","12"
"species",55,55,140.953162439834,740.141092038116,29.9841943607387,48.05322131,6.004509926,5.240878011,"31","18"
"species",56,56,120.496864270466,647.37383814175,37.0909852633513,44.38970266,3.205442272,3.681773963,"31","12"
"species",57,57,118.626427506248,651.102860402994,37,44.38970266,3.205442272,3.681773963,"31","18"
"species",58,58,99.9563337640038,719.702352967946,30.8095485800141,21.44220167,7.391513063,4.110154002,"31","11"
"species",59,59,122.76141398251,614.834989346158,38,37.06402126,6.487973454,3.397277381,"31","13"
"species",60,60,137.012193846074,756.615613766102,28.6512800374742,47.98495095,9.125587817,25.0920897,"31","13"
"species",61,61,127.655570940716,683.601370178891,36,57.6378679,5.623193259,2.560358706,"31","13"
"species",62,62,124.229825013655,1186.17455907662,32.9812280991458,0.280180551,22.55660234,0,"31","18"
"species",63,63,127.296458175758,803.489200986407,27.3672864426085,43.09401964,3.291684299,11.34326558,"31","12"
"species",64,64,135.520156433631,749.052200732985,29.7856834148902,48.05322131,6.004509926,5.240878011,"31","12"
"species",65,65,138.452771975838,648.000962744435,35,61.71447547,2.220604501,25.05913131,"31","13"
"species",66,66,137.799248287488,661.691543285625,34.0110140888645,61.31960558,1.088210293,17.01928901,"31","13"
"species",67,67,114.00748918745,677.224129789698,30.8436016770686,15.18059091,10.12129437,2.839168888,"31","12"
"species",68,68,122.550382967245,765.949977319679,30.1560242275666,36.46809388,3.943634702,0,"31","18"
"species",69,69,135.845148296065,670.932094846176,34.9807154081316,84.29103591,2.929292738,35.87541889,"31","18"
"species",70,70,124.515361521688,799.733407566059,27.93581732633,63.27551572,2.493425199,5.000280052,"31","12"
"species",71,71,127.686970207775,689.50368005437,33.9567923127083,35.72380336,8.923438758,2.311630946,"31","18"
"species",72,72,129.593338620491,638.452041846846,37.934202158464,42.74220442,4.374857889,2.362380532,"31","12"
"species",73,73,102.99302011989,660.415299489687,37.0011337370042,37.06402126,6.487973454,3.397277381,"31","12"
"species",74,74,112.431868518692,860.413388499701,28.2422719493339,17.16661537,6.598909338,2.863393877,"31","12"
"species",75,75,115.013415257869,683.767858228078,34.2895910497955,42.42947395,12.44942108,0,"31","12"
"species",76,76,114.246702030474,661.800059358021,36,44.38970266,3.205442272,3.681773963,"31","12"
"species",77,77,104.212422220752,681.322796815085,35.6352389111118,22.8350614,3.61248928,2.639437029,"33","11"
"species",78,78,104.059156637624,691.477507329598,34.8392080077147,44.38970266,3.205442272,3.681773963,"33","11"
"species",79,79,121.205089139619,618.433125638031,38.0798116863125,37.06402126,6.487973454,3.397277381,"31","13"
"species",80,80,134.442981752192,615.518719516515,35,37.26472623,6.826104475,2.178108487,"31","13"
"species",81,81,125.28580731338,614.14556180641,38.6923915640619,37.06402126,6.487973454,3.397277381,"31","13"
"species",82,82,112.415155139037,671.259630284377,34.7862112030482,42.74220442,4.374857889,2.362380532,"31","12"
"species",83,83,122.356641872588,636.615042350889,35.2870876757075,37.26472623,6.826104475,2.178108487,"31","13"
"species",84,84,122.221736717032,769.675475606573,29.7371355738114,48.05322131,6.004509926,5.240878011,"31","12"
"species",85,85,106.007177936945,651.799076029206,37.7014928624513,37.06402126,6.487973454,3.397277381,"31","12"
"species",86,86,118.698811716044,625.705192497571,38,37.06402126,6.487973454,3.397277381,"31","13"
"species",87,87,116.058954483744,626.780235928154,38.3148978757019,37.06402126,6.487973454,3.397277381,"31","13"
"species",88,88,99.3155706085279,674.053288174416,37,37.06402126,6.487973454,3.397277381,"31","11"
"species",89,89,105.994150431775,655.754896276803,37,37.06402126,6.487973454,3.397277381,"31","13"
"species",90,90,131.925775976274,661.093762362644,36.1665029445023,57.6378679,5.623193259,2.560358706,"31","13"
"species",91,91,124.486205676962,620.139388215969,38.6460001043838,37.06402126,6.487973454,3.397277381,"31","18"
"species",92,92,105.157122221598,693.033592011704,32.3938998859915,21.44220167,7.391513063,4.110154002,"31","13"
"species",93,93,114.063307350613,670.58935509503,30.8675109541381,15.18059091,10.12129437,2.839168888,"32","13"
"species",94,94,111.72976287093,906.923916552113,23,3.805132781,6.104597485,2.942990841,"31","11"
"species",95,95,97.7608987752157,710.318554806271,33.3933369649828,22.8350614,3.61248928,2.639437029,"31","11"
"species",96,96,118.252344624675,767.135900214309,30.1640294125666,48.05322131,6.004509926,5.240878011,"31","12"
"species",97,97,131.887927721803,631.224144556393,38,65.14024442,1.400990109,16.54531378,"31","13"
"species",98,98,115.204405083187,638.578921855991,39,78.58042817,5.071184952,4.408980682,"31","18"
"species",99,99,136.645536212693,544.299700553459,43,38.865594,2.40851599,1.001091991,"31","13"
"species",100,100,118.750044221366,742.522809633613,31.715005440001,47.9214261,5.847034101,18.71240237,"31","18"
"species",101,101,113.750915123435,1346.52818192773,32.2280756203096,0.280180551,22.55660234,0,"31","18"
"species",102,102,128.199936444016,1189.64544756436,33.2814792907008,0.280180551,22.55660234,0,"31","18"
