"species","x","y","bio10_16","bio12_16","bio15_16","moose2015","red_deer2015","roe_deer2015","Forest_Type","Forest_Productivity"
"species",1,1,147.102490022996,918.620307564708,27.0559664744484,23.89748014,23.86313203,45.86903182,"31","18"
"species",2,2,145.072340976954,933.741249525775,27.1340426221192,23.89748014,23.86313203,45.86903182,"31","18"
"species",3,3,151.501275943773,886.315899200792,27.9895104517892,8.986825974,5.328123385,43.19049243,"31","18"
"species",4,4,138.066959095099,1126.59720051535,27.6548801972049,31.32926682,9.294859902,16.81234848,"31","18"
"species",5,5,141.830645420387,1316.27667436732,30.597390863996,26.99099079,2.804594974,21.69056293,"31","18"
"species",6,6,139.480604798559,1074.21938066671,27.4458137266183,31.32926682,9.294859902,16.81234848,"31","18"
"species",7,7,142.689148491847,1084.01452992913,27.8875367522178,31.32926682,9.294859902,16.81234848,"31","13"
"species",8,8,137.799571798084,973.031928321363,27,33.84896747,5.017107143,25.46947633,"31","13"
"species",9,9,148.668701439881,865.031244835105,28,19.1553829,9.796781944,25.34703532,"31","13"
"species",10,10,147.737362942717,826.856696471498,27,29.46682025,13.13958428,33.29227205,"31","13"
"species",11,11,149.745684141122,891.201387900418,27.133102016597,8.986825974,5.328123385,43.19049243,"31","18"
"species",12,12,151.717830829232,821.569860487021,27.559359056979,29.46682025,13.13958428,33.29227205,"31","12"
"species",13,13,152.23400133066,786.284628934101,27,31.62871311,23.37839451,54.23981139,"31","13"
"species",14,14,149.793207169586,800.760045556945,27,31.62871311,23.37839451,54.23981139,"31","13"
"species",15,15,137.90961568567,797.360048580677,29.0315380987731,39.22450649,6.010983447,15.68107659,"31","13"
"species",16,16,152.454947511158,786.665908100097,27.5378853466987,31.62871311,23.37839451,54.23981139,"31","13"
"species",17,17,148.40626156479,924.917668538559,27.4062615647901,23.89748014,23.86313203,45.86903182,"31","18"
"species",18,18,147.92591837603,944.861754981898,27,22.01528898,3.277682184,66.32319669,"31","11"
"species",19,19,138.674770339635,959.831770460694,27,33.84896747,5.017107143,25.46947633,"31","13"
"species",20,20,151.866660107377,805.152294869633,27.4389762381934,29.46682025,13.13958428,33.29227205,"31","18"
"species",21,21,153.299079724313,785.861445349482,27.6758178914459,29.46682025,13.13958428,33.29227205,"31","18"
"species",22,22,148.847850231584,867.07656016806,27.5141713461069,8.986825974,5.328123385,43.19049243,"31","13"
"species",23,23,152.031354036569,851.911571296427,27.8239565480284,8.986825974,5.328123385,43.19049243,"31","11"
"species",24,24,148.943359410109,791.741239440851,26.6599188335004,31.62871311,23.37839451,54.23981139,"31","13"
"species",25,25,152.026445581548,788.09103977712,27,31.62871311,23.37839451,54.23981139,"31","13"
"species",26,26,150.424426134685,889.012217973017,27.9727555223185,8.986825974,5.328123385,43.19049243,"33","18"
"species",27,27,145.929700711512,1277.73862563228,30,19.11748049,24.86211893,48.47216146,"31","12"
"species",28,28,149.400228051665,913.757869827085,27.6000570129163,23.89748014,23.86313203,45.86903182,"31","11"
"species",29,29,146.143102900888,1158.32864518533,29,16.98044566,13.48311573,35.07788029,"31","18"
"species",30,30,140.750131566922,947.332850273579,27,33.84896747,5.017107143,25.46947633,"31","13"
"species",31,31,146.31376861217,967.523933484049,27.4671281255185,23.89748014,23.86313203,45.86903182,"31","18"
"species",32,32,142.47844937597,871.957066958145,26.3866772812095,29.46682025,13.13958428,33.29227205,"31","13"
