"species","x","y","bio10_16","bio12_16","bio15_16","moose2015","red_deer2015","roe_deer2015","Forest_Type","Forest_Productivity"
"species",1,1,123.919565506128,1915.32268843484,26.999715304219,15.62051826,0,0,"31","18"
"species",2,2,126.118908359243,1665.29869758858,25,49.60157693,0,11.89962787,"31","11"
"species",3,3,123.901902368494,2084.38831507027,26,39.0447737,0.063370397,0,"31","13"
"species",4,4,115.998129578603,1296.90882870021,22.866134522074,75.88802955,8.758466457,7.375877596,"31","13"
"species",5,5,118.866510735586,1349.10434432976,23.1290846059995,75.88802955,8.758466457,7.375877596,"31","12"
"species",6,6,120.923018666795,1517.7792226608,23.97216875704,50.26848097,37.90551033,4.131910268,"31","11"
"species",7,7,114.920852875235,1179.60773841749,23,34.99129011,2.439120936,0,"31","13"
"species",8,8,113.666979661798,1094.25041471019,23.4879465666019,37.24495257,7.865939609,16.45994031,"31","11"
"species",9,9,125.791830007782,1760.80968072873,25,49.60157693,0,11.89962787,"31","12"
"species",10,10,127.246053759371,1542.3966796474,24,35.22777237,2.429529651,0,"31","18"
"species",11,11,125.941126087405,1879.46392044218,24.9907434300815,40.2270375,0,9.169671268,"31","13"
"species",12,12,128.02580159885,1737.03241285404,25.0129007994251,40.2270375,0,9.169671268,"31","13"
"species",13,13,119.42728524855,1119.34881361696,23.9112664779646,37.24495257,7.865939609,16.45994031,"31","18"
"species",14,14,118.380748127442,1260.26726963857,23.5205733618839,39.2011146,3.392198154,9.790659386,"31","11"
"species",15,15,127.3744213589,1314.43234073431,24.5805717832232,75.88802955,8.758466457,7.375877596,"31","12"
"species",16,16,121.087466989101,1305.57580192736,24,39.2011146,3.392198154,9.790659386,"31","11"
"species",17,17,124.2357056482,1464.24726432902,24,50.26848097,37.90551033,4.131910268,"31","12"
"species",18,18,117.783567610159,1094.51666186226,24,37.24495257,7.865939609,16.45994031,"31","12"
"species",19,19,123.971901756738,1332.15621566514,24,75.88802955,8.758466457,7.375877596,"31","12"
"species",20,20,121.22883131811,1606.34689408122,23.89526567359,35.38751687,0,14.91797371,"31","11"
"species",21,21,118.905541181018,1265.28013819389,23.506281466314,39.2011146,3.392198154,9.790659386,"31","18"
"species",22,22,120.117755683854,1592.70671400828,24,35.38751687,0,14.91797371,"31","11"
"species",23,23,127.565000788606,1753.92838192835,25,43.43858521,0,4.049319371,"31","13"
"species",24,24,130.959630540518,1695.72700315497,24.9960074965754,43.43858521,0,4.049319371,"31","13"
"species",25,25,123.0387565493,1744.39315135331,24.9151725664072,40.2270375,0,9.169671268,"31","13"
"species",26,26,111.496646848851,1216.0512099572,22,75.88802955,8.758466457,7.375877596,"31","11"
"species",27,27,122.624311396122,1300.05677254939,23.8183207512378,75.88802955,8.758466457,7.375877596,"31","13"
"species",28,28,124,1301.81084868387,24,39.2011146,3.392198154,9.790659386,"31","11"
"species",29,29,122.889333391727,1779.17036941865,24.9815555652878,40.2270375,0,9.169671268,"31","13"
"species",30,30,127.127750168462,1499.15208512303,24.7257035691957,35.38751687,0,14.91797371,"31","13"
"species",31,31,120.911372690992,1524.10430808736,23.8380977817625,50.26848097,37.90551033,4.131910268,"31","18"
"species",32,32,126.388067126911,1752.69284293199,24.8797663023923,49.60157693,0,11.89962787,"31","13"
"species",33,33,118.063491241594,1306.07841035668,23.7726383183548,39.2011146,3.392198154,9.790659386,"31","11"
"species",34,34,117.41428106295,1133.96652896868,23.5073658957427,37.24495257,7.865939609,16.45994031,"31","13"
"species",35,35,120.886416720818,1766.61002228812,24.3318970687204,43.43858521,0,4.049319371,"31","13"
