"species","x","y","bio10_16","bio12_16","bio15_16","moose2015","red_deer2015","roe_deer2015","Forest_Type","Forest_Productivity"
"species",1,1,112,393,51,8.753547451,0,0,"33","12"
"species",2,2,96.5411824371125,429.390901969267,37,15.83212045,0,0,"32","11"
"species",3,3,159.42939211349,746.439865590664,27,8.569329011,0,32.45822137,"31","18"
"species",4,4,138.503053744431,1744.72600634685,33.6822664648312,1.230742456,54.82371669,0,"32","18"
"species",5,5,138.339886127702,1756.03026517636,33.6671347234073,1.230742456,54.82371669,0,"32","18"
"species",6,6,95,433,37,15.83212045,0,0,"32","11"
"species",7,7,98.104989107669,429.351117147246,36,15.83212045,0,0,"32","11"
"species",8,8,120.850143932862,2260.58058388825,32,0,105.3622251,0,"32","11"
"species",9,9,120.153915472212,2058.37814893251,32.5867935849954,0,60.24209686,4.035398425,"31","11"
"species",10,10,126.140555727267,796.47137069131,25,36.25939668,6.648445301,2.712137721,"31","18"
"species",11,11,158.537909142817,749.982900417405,27,8.569329011,0,32.45822137,"31","12"
"species",12,12,97.2617296648924,433.397323591187,35.5802522715262,15.83212045,0,0,"32","11"
"species",13,13,96.8227942273501,427.569656699029,36.8372619440613,15.83212045,0,0,"32","11"
"species",14,14,100.438976963242,415.122046073516,39,15.83212045,0,0,"32","11"
"species",15,15,109.961185116062,397.924320235672,49.7159213839013,8.753547451,0,0,"33","12"
"species",16,16,111,390,50,8.753547451,0,0,"31","12"
"species",17,17,145,1406.15207403406,34,0.410393228,13.27943505,0,"32","11"
"species",18,18,127.849916795856,2581.23329760833,32.4328639152463,0,90.43422982,0,"32","18"
"species",19,19,159.677054225669,753.241737602779,26.6770542256688,32.74919234,0,95.35268329,"31","11"
"species",20,20,131.855939008887,1657.11050961783,32,0,66.76580688,0,"31","11"
"species",21,21,116.655251343194,2532.99390347141,31,0,194.4239437,0,"31","11"
"species",22,22,146.734587505728,1213.30439504279,29,19.11748049,24.86211893,48.47216146,"31","13"
"species",23,23,142.570819852936,1548.97042424984,31,10.45283536,37.46040469,45.77663377,"32","13"
"species",24,24,120.432182597495,2711.2523972389,32,0,90.43422982,0,"33","18"
"species",25,25,160,742.92093432849,27.3008129369692,8.569329011,0,32.45822137,"31","12"
"species",26,26,112.410573964689,1537.58957436533,31.0630577169095,0.410393228,13.27943505,0,"32","11"
"species",27,27,98.61195837459,1535.8044179615,29.4880113610373,1.226989831,3.755907139,0,"32","11"
