"species","x","y","bio10_16","bio12_16","bio15_16","moose2015","red_deer2015","roe_deer2015","Forest_Type","Forest_Productivity"
"species",1,1,124.418111371428,642.236306436365,34,21.44220167,7.391513063,4.110154002,"32","11"
"species",2,2,97.4027092677369,693.785607928948,30.8411938367032,15.18059091,10.12129437,2.839168888,"31","11"
"species",3,3,119.792450222331,642.475589623246,34.6810701866391,37.26472623,6.826104475,2.178108487,"32","11"
"species",4,4,106.807345518681,695.339987283083,31.0595177620988,15.18059091,10.12129437,2.839168888,"31","12"
"species",5,5,123.107186880594,659.432851523363,31,15.18059091,10.12129437,2.839168888,"31","13"
"species",6,6,114.007593673981,636.096788649732,33.9680193294,6.366400955,7.882912004,0,"32","11"
"species",7,7,116.944521541903,1020.39835286178,30.3581324457181,0.94939165,34.07494816,0,"32","11"
"species",8,8,122.52243232828,605.207804619226,35.6440709640097,6.366400955,7.882912004,0,"31","12"
"species",9,9,134.442981752192,615.518719516515,35,37.26472623,6.826104475,2.178108487,"31","13"
"species",10,10,112.045083746952,679.593633814572,31.147571757138,15.18059091,10.12129437,2.839168888,"31","13"
"species",11,11,128.442424725289,643.516736707801,32,15.18059091,10.12129437,2.839168888,"31","13"
"species",12,12,122.979759331923,644.468501368692,34.4265148858195,37.26472623,6.826104475,2.178108487,"31","11"
"species",13,13,109.756118841086,679.820760178465,32.6155870078533,21.44220167,7.391513063,4.110154002,"32","13"
"species",14,14,112.331734861883,658.730311166305,32,21.44220167,7.391513063,4.110154002,"31","13"
"species",15,15,127.274401137769,647.042151092625,31.9500781649067,15.18059091,10.12129437,2.839168888,"31","13"
"species",16,16,117.119070439703,675.14122838112,31.3059606883851,21.44220167,7.391513063,4.110154002,"31","11"
"species",17,17,114.878321378984,673.579873269754,30.5710644426941,15.18059091,10.12129437,2.839168888,"31","13"
"species",18,18,103.863809461785,691.553716658663,32,21.44220167,7.391513063,4.110154002,"31","11"
"species",19,19,109.28420843709,713.715791562909,30,16.47588281,0.419443553,0,"31","13"
"species",20,20,126.626661215626,647.64884270279,32.5706034635733,21.44220167,7.391513063,4.110154002,"31","18"
"species",21,21,119.379781773889,871.37859994165,30.2698374985979,0.94939165,34.07494816,0,"32","11"
"species",22,22,78.4854060819749,860.974706402015,25.006491656001,3.805132781,6.104597485,2.942990841,"32","11"
"species",23,23,121.09139443096,670.5833347744,34.7193949195851,42.42947395,12.44942108,0,"31","13"
"species",24,24,131.573663574655,641.262370511272,35.7340570206187,42.42947395,12.44942108,0,"31","18"
"species",25,25,131.795930010873,630.354656371162,34,21.44220167,7.391513063,4.110154002,"32","13"
"species",26,26,131.759383366702,706.736557888389,32.80806106389,15.11043496,1.843373575,0.778437432,"33","18"
"species",27,27,121.686289294379,721.696010374876,31.6945095893376,15.11043496,1.843373575,0.778437432,"31","13"
"species",28,28,137.095639040726,657.825863317119,36,57.6378679,5.623193259,2.560358706,"31","18"
"species",29,29,122.554617067633,638.53096555435,35,37.26472623,6.826104475,2.178108487,"32","13"
"species",30,30,104.212422220752,681.322796815085,35.6352389111118,22.8350614,3.61248928,2.639437029,"33","11"
"species",31,31,117.633728745485,643.409499081049,36.3116118069184,22.8350614,3.61248928,2.639437029,"31","12"
"species",32,32,108.442885699123,670.606428493874,34,37.26472623,6.826104475,2.178108487,"31","12"
"species",33,33,92.8886432897619,756.034026010218,26.980172477157,15.18059091,10.12129437,2.839168888,"32","11"
"species",34,34,104.302578239486,686.423317743012,33.7608811918803,37.26472623,6.826104475,2.178108487,"31","13"
"species",35,35,134.91734141962,685.853751421062,33.3743275747108,15.11043496,1.843373575,0.778437432,"31","18"
"species",36,36,127.832445555235,740.299440119725,31.009776348476,36.46809388,3.943634702,0,"31","12"
"species",37,37,126.454031490027,639.181874920423,34,21.44220167,7.391513063,4.110154002,"31","13"
"species",38,38,130.050117882759,631.227140237639,34,21.44220167,7.391513063,4.110154002,"33","18"
"species",39,39,100.172810877959,697.479643381401,31.0173649832376,21.44220167,7.391513063,4.110154002,"32","12"
"species",40,40,126.955915491664,708.391532847817,32.4294338841915,15.11043496,1.843373575,0.778437432,"31","12"
"species",41,41,102.99302011989,660.415299489687,37.0011337370042,37.06402126,6.487973454,3.397277381,"31","12"
"species",42,42,116.058954483744,626.780235928154,38.3148978757019,37.06402126,6.487973454,3.397277381,"31","13"
"species",43,43,106.007177936945,651.799076029206,37.7014928624513,37.06402126,6.487973454,3.397277381,"31","12"
"species",44,44,134.631304167951,609.5792333307,39,73.34505261,0.606095319,10.79659412,"31","18"
"species",45,45,116.925995247218,629.555059148908,34.9316633978103,44.32803191,13.33544072,0,"31","13"
"species",46,46,117.510054234836,626.545043958122,33.9266147155447,6.366400955,7.882912004,0,"32","11"
"species",47,47,131.799787170751,626.077026560259,34.0933835637062,21.44220167,7.391513063,4.110154002,"31","13"
"species",48,48,105.768334548602,667.232720008462,32,15.18059091,10.12129437,2.839168888,"31","12"
"species",49,49,119.763848740541,662.811284538517,32.4880678989267,21.44220167,7.391513063,4.110154002,"31","18"
"species",50,50,109.792318171263,643.16844520762,38,37.06402126,6.487973454,3.397277381,"31","12"
"species",51,51,103.480386848074,713.341570482849,30,21.44220167,7.391513063,4.110154002,"31","13"
"species",52,52,122.356641872588,636.615042350889,35.2870876757075,37.26472623,6.826104475,2.178108487,"31","13"
"species",53,53,105.034809242954,684.358642078855,35.1297681812412,44.38970266,3.205442272,3.681773963,"31","12"
"species",54,54,120.249049284679,646.214233865647,34.0841495569691,37.26472623,6.826104475,2.178108487,"32","13"
"species",55,55,114.953937443182,684.261138369397,30.8778945140054,21.44220167,7.391513063,4.110154002,"31","12"
"species",56,56,127.011020959412,633.422358997408,35,37.26472623,6.826104475,2.178108487,"33","11"
"species",57,57,115.970247777102,672.388299913319,31.6524412280848,15.18059091,10.12129437,2.839168888,"31","13"
"species",58,58,132.869252670144,597.774330244013,39.6695292887891,78.58042817,5.071184952,4.408980682,"31","13"
"species",59,59,142.184898261253,580.505928015623,40,47.04794055,7.578866015,6.142455744,"31","18"
"species",60,60,137.794161355012,595.248186701836,39.8365094118591,78.58042817,5.071184952,4.408980682,"31","18"
"species",61,61,109.49343381323,683.614169859781,32,21.44220167,7.391513063,4.110154002,"31","18"
"species",62,62,118.995675065239,650.390852961781,34,21.44220167,7.391513063,4.110154002,"31","13"
"species",63,63,109.228950515292,688.761292003337,31.4817052320752,21.44220167,7.391513063,4.110154002,"31","13"
"species",64,64,138.340716778207,715.191546615001,32.2771781412199,16.02850254,5.105519101,1.518623386,"33","18"
"species",65,65,123.957113247623,659.404054260284,31,15.18059091,10.12129437,2.839168888,"31","13"
"species",66,66,104.976780267652,671.90492059777,31.1020024346868,15.18059091,10.12129437,2.839168888,"31","12"
"species",67,67,112.403227275327,1227.24999796276,30.2293777109144,0.687506548,13.28061174,0,"32","11"
"species",68,68,143.972779354113,826.274075095046,25,40.43093514,0,0,"31","18"
"species",69,69,132.990397250362,626.033609623731,34,21.44220167,7.391513063,4.110154002,"32","13"
