"species","x","y","bio10_16","bio12_16","bio15_16","moose2015","red_deer2015","roe_deer2015","Forest_Type","Forest_Productivity"
"species",1,1,139.643304952302,809.318343400934,26.8808233211394,25.95802664,0,9.768812952,"31","18"
"species",2,2,129.084807214482,1803.799505731,30.5485975054022,7.143408773,2.660643649,3.604791242,"31","18"
"species",3,3,157.480365856856,753.904700083689,27.7709188476634,42.73592039,0,43.93649877,"31","11"
"species",4,4,132.743250262069,1781.95878829971,31.3423873453798,7.143408773,2.660643649,3.604791242,"31","12"
"species",5,5,137.325087149165,809.129723414218,26.6093810040904,25.95802664,0,9.768812952,"31","18"
"species",6,6,135.916463076633,1674.63100120505,31,23.91464734,22.28369529,15.85436311,"32","13"
"species",7,7,145.177369750463,809.062905646266,26,56.43464358,0,18.91236981,"31","12"
"species",8,8,156.999788859889,767.932525306772,26.4877517225515,76.29413828,0,73.69376802,"31","18"
"species",9,9,155.608167171347,770.681668497481,26.1959164143267,51.28501345,0,76.99634961,"31","18"
"species",10,10,119.920474404479,1595.555406051,32,0,149.1722764,11.5865529,"31","18"
"species",11,11,121.358677590552,1728.85689932018,32.8368028156791,0,106.7198485,0,"31","18"
"species",12,12,137.752695484816,812.531707931288,26.3073328612172,25.95802664,0,9.768812952,"31","18"
"species",13,13,146.509317128828,773.318511702632,27.9293066925455,14.4730961,0,24.17657341,"31","13"
"species",14,14,142.73636078228,800.573863682755,26.424198273817,23.87814493,0,26.38952649,"31","18"
"species",15,15,134.558455100329,815.640787272871,26.5613041393299,25.95802664,0,9.768812952,"31","18"
"species",16,16,137.518638255264,812.65724686074,26.2041449774725,25.95802664,0,9.768812952,"31","18"
"species",17,17,155.513814308682,783.996013990311,26,123.6422072,0,61.33776135,"31","18"
"species",18,18,145.113264861445,758.927676976315,28.1387230177139,42.3937797,3.046792248,27.21135526,"31","12"
"species",19,19,157.914311856024,762.148276794133,26,32.74919234,0,95.35268329,"31","13"
"species",20,20,159.671509591911,743,27,8.569329011,0,32.45822137,"31","11"
"species",21,21,135.980504580484,811.591875288124,27,25.95802664,0,9.768812952,"31","18"
"species",22,22,134.370063563656,813.947850427735,26.5716087456044,25.95802664,0,9.768812952,"31","18"
"species",23,23,134.534432222895,816.173516233241,26,23.87814493,0,26.38952649,"31","12"
"species",24,24,113.367306272302,918.767941837426,23,79.89208961,1.335197374,31.0221955,"31","13"
"species",25,25,133.814594558888,1483.19829248948,30.0818928628722,15.51480672,5.791799129,91.71451497,"31","11"
"species",26,26,142.864518861419,800.040238944859,26.8992319507964,23.87814493,0,26.38952649,"31","18"
"species",27,27,133.567250310853,817.385564084361,26,25.95802664,0,9.768812952,"31","13"
"species",28,28,122.813642298858,903.858364950816,23,20.2554799,15.6438953,4.679748147,"33","18"
"species",29,29,135.641080552497,1845.26139282093,32,0,123.9381204,0,"31","18"
"species",30,30,121.906217132475,835.580131385906,24,126.3472513,5.651303822,12.77727599,"31","18"
"species",31,31,147.576420034106,795.865275302594,26.4795647332515,25.95802664,0,9.768812952,"31","13"
"species",32,32,124.208104207073,1158.70061198919,27.7271192010271,6.170248522,215.1429872,21.43908441,"31","18"
"species",33,33,161.142753411181,724.757790680087,25.403577786793,4.693608634,0,61.35320701,"31","12"
"species",34,34,107.050083059538,1500.36802897069,32.0480957453107,0,72.19790701,0,"32","18"
"species",35,35,144.193292790336,807.714867938692,26,25.95802664,0,9.768812952,"31","13"
"species",36,36,137.705851403183,1966.81149477026,32,0,294.5806414,0,"31","18"
"species",37,37,138.002974574019,2030.01558243406,31.0029745740189,0,94.35531138,0,"31","18"
"species",38,38,150.599990892593,991.74879014767,28,22.01528898,3.277682184,66.32319669,"33","18"
"species",39,39,141.353841388869,1323.509660816,30.3250384261085,26.99099079,2.804594974,21.69056293,"31","18"
"species",40,40,139.243521844527,808.350741179251,26.4201558891188,25.95802664,0,9.768812952,"31","13"
