"species","x","y","bio10_16","bio12_16","bio15_16","moose2015","red_deer2015","roe_deer2015","Forest_Type","Forest_Productivity"
"species",1,1,125.789999976653,606.306629541903,40.7067295669259,48.81981365,2.860633235,1.919436692,"31","13"
"species",2,2,119.792450222331,642.475589623246,34.6810701866391,37.26472623,6.826104475,2.178108487,"32","11"
"species",3,3,146.164581903,762.277037545134,27.2690075228365,42.3937797,3.046792248,27.21135526,"31","18"
"species",4,4,119.356147452616,644.301831424646,35,37.26472623,6.826104475,2.178108487,"31","12"
"species",5,5,146.022745589813,642.179008004856,36.7974612601464,57.6378679,5.623193259,2.560358706,"31","18"
"species",6,6,141.905770548535,653.122123297176,37,57.6378679,5.623193259,2.560358706,"31","18"
"species",7,7,121.228674267222,745.422299639004,26,36.25939668,6.648445301,2.712137721,"31","18"
"species",8,8,126.277019835372,616.142964882491,38.6458260793586,37.06402126,6.487973454,3.397277381,"31","18"
"species",9,9,123.170491485698,610.505044798243,40.9608284122762,37.85877824,0,1.303659425,"31","13"
"species",10,10,118.357759843514,628.380058482158,39,78.58042817,5.071184952,4.408980682,"31","18"
"species",11,11,129.903143713401,698.745190019888,33.7306518492888,29.0328483,8.256227348,0,"31","13"
"species",12,12,124.001714564722,652.827228078394,38,65.14024442,1.400990109,16.54531378,"31","13"
"species",13,13,135.086751241797,673.22224518532,36,57.6378679,5.623193259,2.560358706,"31","18"
"species",14,14,116.421455981383,737.826284444135,32.5718333972235,29.0328483,8.256227348,0,"31","18"
"species",15,15,138.700128093919,588.475915185206,39.0219510532216,37.06402126,6.487973454,3.397277381,"31","18"
"species",16,16,116.672052293592,744.646399804349,32,29.0328483,8.256227348,0,"31","18"
"species",17,17,130.401411085391,572.511876588057,43,48.81981365,2.860633235,1.919436692,"31","13"
"species",18,18,142.601247345821,772.550344801816,27,42.3937797,3.046792248,27.21135526,"31","18"
"species",19,19,130.572433427621,595.085501353699,41,48.81981365,2.860633235,1.919436692,"31","18"
"species",20,20,146.525168702417,651.521814658481,36,81.09481554,4.229111868,5.284178289,"31","18"
"species",21,21,136.170863342994,538.820601510492,44,38.865594,2.40851599,1.001091991,"31","18"
"species",22,22,106.435806505845,1550.96961267545,31.1435806505845,0.687506548,13.28061174,0,"32","11"
"species",23,23,138.544174286883,708.736409230863,32.8050865971369,16.02850254,5.105519101,1.518623386,"31","18"
"species",24,24,140.855286661849,784.709016802746,27.7379405551541,39.16085693,12.66476322,13.14550659,"31","18"
"species",25,25,140.233265094654,761.321264973424,31.1973753245301,25.08547726,5.882198662,0,"31","18"
"species",26,26,141.339228952731,815.328187930014,31.4469345673741,34.25057033,13.40190923,2.936689407,"31","18"
"species",27,27,113.380449193717,989.339282076984,28.0597822492839,23.84674571,8.804251692,2.249154622,"31","11"
"species",28,28,131.406147541472,752.987884440238,29.869288717773,63.27551572,2.493425199,5.000280052,"31","12"
"species",29,29,126.197076198909,747.922956761664,31.1458332729841,42.48931168,5.157733352,4.921958628,"31","18"
"species",30,30,133.375955380234,809.237895173441,26,45.5486725,2.225169257,8.847710058,"31","12"
"species",31,31,137.39630368226,735.873958083364,30.4034787509999,63.27551572,2.493425199,5.000280052,"31","11"
"species",32,32,121.927372756122,766.13097558556,29.8307331661296,36.46809388,3.943634702,0,"31","13"
"species",33,33,121.971002078404,768.682289806223,29.744296710958,36.46809388,3.943634702,0,"31","18"
"species",34,34,138.008837242941,700.290420467225,32.2268640038973,15.11043496,1.843373575,0.778437432,"31","18"
"species",35,35,123.790669196729,732.737182708283,32.043677400523,29.0328483,8.256227348,0,"31","12"
"species",36,36,131.381904494479,803.92248329517,27.633116560514,43.09401964,3.291684299,11.34326558,"31","18"
"species",37,37,129.609223371548,811.213297803495,27,43.09401964,3.291684299,11.34326558,"31","13"
"species",38,38,118.354176219232,731.472884467627,32.9037055650787,29.0328483,8.256227348,0,"31","18"
"species",39,39,135.428238494089,733.665755894919,30.9134771330983,36.46809388,3.943634702,0,"31","18"
"species",40,40,146.51476392882,759.614413045674,27.9871552692213,42.3937797,3.046792248,27.21135526,"31","18"
"species",41,41,137.31342529388,707.722528952467,33.978738538787,43.09401964,3.291684299,11.34326558,"31","12"
"species",42,42,138.925591135637,788.021663053979,27,42.3937797,3.046792248,27.21135526,"31","18"
"species",43,43,111.243688172066,670.092905420015,32.9842046702975,21.44220167,7.391513063,4.110154002,"31","12"
"species",44,44,120.802421833423,641.485198388765,35.0108930560231,37.26472623,6.826104475,2.178108487,"31","13"
"species",45,45,130.830983825002,608.519204564023,38.8814514652054,78.58042817,5.071184952,4.408980682,"31","18"
"species",46,46,128.78753116747,623.254951404575,38.7559651943167,47.04794055,7.578866015,6.142455744,"31","18"
"species",47,47,128.129587957434,628.962652899228,38.217988108762,44.38970266,3.205442272,3.681773963,"31","18"
"species",48,48,138.956106239339,676.991702182059,35.5894521242702,35.4788309,2.294324006,1.297314748,"31","18"
"species",49,49,115.424529834349,657.590564664807,36.5042546160602,44.38970266,3.205442272,3.681773963,"31","13"
"species",50,50,124.097838278451,654.545603310529,36.87613701713,42.74220442,4.374857889,2.362380532,"31","18"
"species",51,51,117.411411911761,652.013167520921,37.1356133090068,44.38970266,3.205442272,3.681773963,"31","18"
"species",52,52,123.176487054144,636.53444647421,36.2276282358005,42.74220442,4.374857889,2.362380532,"31","13"
"species",53,53,121.125065928417,645.812311409896,36.2475964981986,42.74220442,4.374857889,2.362380532,"31","12"
"species",54,54,138.318728954571,646.792352693265,37,59.78025783,2.347089158,0,"31","18"
"species",55,55,120.157576461046,649.020228488378,36.2438315207698,42.74220442,4.374857889,2.362380532,"31","12"
"species",56,56,135.537656220942,644.319949051652,37,59.78025783,2.347089158,0,"31","18"
"species",57,57,143.020716967967,658.453470894368,36.0882595647296,81.09481554,4.229111868,5.284178289,"31","12"
"species",58,58,129.08352728356,785.189203003933,29,44.86145394,1.250604749,30.91417916,"31","18"
"species",59,59,146.204027657355,665.085166586957,35,81.09481554,4.229111868,5.284178289,"31","18"
"species",60,60,125.47558355045,800.454549079491,28,12.25076914,0,9.991459665,"31","12"
"species",61,61,138.998646099386,611.335799716207,38.664812393639,65.14024442,1.400990109,16.54531378,"31","18"
"species",62,62,145.106674328498,646.562368725841,36.1121413085818,57.6378679,5.623193259,2.560358706,"31","18"
"species",63,63,118.598885449163,675.803155287628,37,57.6378679,5.623193259,2.560358706,"31","18"
"species",64,64,128.586395319392,671.822397021775,36.368329275907,57.6378679,5.623193259,2.560358706,"31","12"
"species",65,65,145.721060476778,687.957003901811,33.7902419526764,40.50443511,6.059374237,17.46115839,"31","13"
"species",66,66,132.39667111263,606.193325776861,40.002097055968,51.96652046,1.620688141,4.13989386,"31","12"
"species",67,67,133.978409352072,553.570360513491,43.2522460518654,38.865594,2.40851599,1.001091991,"31","18"
"species",68,68,123.688425216991,570.354186538286,44,38.865594,2.40851599,1.001091991,"31","13"
"species",69,69,125.398494712021,525.601505287979,46,19.65079791,2.607823693,0.963929762,"31","12"
"species",70,70,127.358860171977,557.233703848524,44,38.865594,2.40851599,1.001091991,"31","13"
"species",71,71,137.505153007723,685.07308230882,32.6866136902268,47.9214261,5.847034101,18.71240237,"31","13"
"species",72,72,108.09923390787,546.175285163347,46,19.65079791,2.607823693,0.963929762,"31","13"
"species",73,73,132.21897839308,600.565132511124,40,48.81981365,2.860633235,1.919436692,"31","18"
"species",74,74,118.685629144751,579.008002028055,44.1400963316075,48.81981365,2.860633235,1.919436692,"31","13"
"species",75,75,135.916233684786,581.607122858501,40.9795075745928,48.81981365,2.860633235,1.919436692,"31","18"
"species",76,76,125.072866268652,620.32377470892,39.6265943470701,48.81981365,2.860633235,1.919436692,"31","13"
"species",77,77,126.729305286935,599.727819261078,41.5889914020743,48.81981365,2.860633235,1.919436692,"31","12"
"species",78,78,128.719976980993,595.660397226792,40.7825874633996,48.81981365,2.860633235,1.919436692,"31","18"
"species",79,79,136.120255567654,801.293703596222,27.0352020605257,14.4730961,0,24.17657341,"31","18"
"species",80,80,141.243537386952,710.40395590405,31,61.71447547,2.220604501,25.05913131,"31","18"
"species",81,81,132.844290334086,804.111575755347,27.140715055681,25.95802664,0,9.768812952,"31","18"
"species",82,82,139.40373982282,785.525329089559,27,8.23719688,0,49.22957768,"31","13"
"species",83,83,138.909260721068,786.983119451181,27.9447974006111,25.95802664,0,9.768812952,"31","13"
"species",84,84,140.479990113186,783.247484609916,28,25.95802664,0,9.768812952,"31","18"
"species",85,85,135.337881103897,797.785382556797,27.3131377934009,43.09401964,3.291684299,11.34326558,"31","18"
"species",86,86,128.927500251908,808.577002839325,27,25.95802664,0,9.768812952,"31","13"
"species",87,87,141.704904542273,779.389815226244,27,42.3937797,3.046792248,27.21135526,"31","18"
"species",88,88,125.293145975538,574.782447850694,43,38.865594,2.40851599,1.001091991,"31","13"
"species",89,89,122.76141398251,614.834989346158,38,37.06402126,6.487973454,3.397277381,"31","13"
"species",90,90,122.21366679232,736.906894421303,31.7407182077811,47.9214261,5.847034101,18.71240237,"31","11"
"species",91,91,121.842965607648,628.109739969634,38.249695127627,37.06402126,6.487973454,3.397277381,"31","12"
"species",92,92,132.980095228238,709.926859915297,33.8289153041636,81.09481554,4.229111868,5.284178289,"31","13"
"species",93,93,103.957970547886,853.010875745783,27.6609363122346,16.02850254,5.105519101,1.518623386,"33","11"
"species",94,94,126.372123844672,724.29490273584,32.4902482706359,29.0328483,8.256227348,0,"31","12"
"species",95,95,122.756287374215,731.769256807178,31.5971593377992,48.05322131,6.004509926,5.240878011,"31","13"
"species",96,96,112.149289014445,767.62174765384,30.7079674317269,48.05322131,6.004509926,5.240878011,"31","12"
"species",97,97,114.424872426738,768.737015989925,31,48.05322131,6.004509926,5.240878011,"31","13"
"species",98,98,127.401022240349,685.639022369236,35.4084356879722,35.4788309,2.294324006,1.297314748,"31","18"
"species",99,99,92.3394406397923,984.36410765291,27.6118255951122,0.280180551,22.55660234,0,"32","11"
"species",100,100,144.218953592395,655.652035224578,33.8875864330428,61.71447547,2.220604501,25.05913131,"31","13"
"species",101,101,118.833183092659,844.139936404027,30.8300005576509,0.280180551,22.55660234,0,"32","11"
"species",102,102,128.244525938526,736.24671502016,30.888017918342,36.46809388,3.943634702,0,"31","18"
"species",103,103,135.808563997281,544.382872005437,43.4910447098689,38.865594,2.40851599,1.001091991,"31","13"
"species",104,104,115.328402358759,706.778300425795,35.4264974502936,57.6378679,5.623193259,2.560358706,"31","13"
"species",105,105,124.957850288854,569.824996387498,43.9484630126619,48.81981365,2.860633235,1.919436692,"31","13"
"species",106,106,136.48389852185,799.737422851439,27,25.95802664,0,9.768812952,"31","18"
"species",107,107,121.075309780878,634.833248885647,37,22.8350614,3.61248928,2.639437029,"31","13"
"species",108,108,136.420209787372,593.991723574736,39,78.58042817,5.071184952,4.408980682,"31","18"
"species",109,109,130.648975919551,947.264086751454,31.0122259798473,23.84674571,8.804251692,2.249154622,"31","18"
"species",110,110,142.721571794364,741.815209238408,28.9198697168194,47.98495095,9.125587817,25.0920897,"31","13"
"species",111,111,138.656033931193,736.735997938623,30.3786667084953,48.05322131,6.004509926,5.240878011,"31","13"
"species",112,112,148.764579778754,746.772992163013,27.6971705465749,44.05497245,6.614368484,22.79335791,"31","13"
"species",113,113,124.486205676962,620.139388215969,38.6460001043838,37.06402126,6.487973454,3.397277381,"31","18"
"species",114,114,123.953373123466,618.234092088237,35.490508387165,44.32803191,13.33544072,0,"31","13"
"species",115,115,136.632953677213,784.750166955358,28,12.25076914,0,9.991459665,"31","13"
"species",116,116,136.234927091635,619.268747980929,38.6852327113899,65.14024442,1.400990109,16.54531378,"31","18"
"species",117,117,128.70131217654,595.247591827497,41,48.81981365,2.860633235,1.919436692,"31","18"
"species",118,118,132.442250962107,590.204226862516,40.8828286032569,48.81981365,2.860633235,1.919436692,"31","18"
"species",119,119,133,521.965576522114,45,19.65079791,2.607823693,0.963929762,"31","13"
"species",120,120,120.582993297533,529.679543648076,45,19.65079791,2.607823693,0.963929762,"31","18"
"species",121,121,116.952647031899,588.213396960872,44.6541039015461,48.81981365,2.860633235,1.919436692,"31","13"
"species",122,122,131.442711450534,557.612130017583,43.3731614310833,48.81981365,2.860633235,1.919436692,"31","13"
"species",123,123,141.64546955336,808.954053011363,26.1830494389435,23.87814493,0,26.38952649,"31","18"
"species",124,124,145.758297403905,803.55225225325,26,32.64602464,0.625730858,19.90423045,"31","18"
"species",125,125,138.445532771036,806.740113502063,26.3589039383906,25.95802664,0,9.768812952,"31","18"
"species",126,126,138.984032452116,787.836230825008,27.211671818644,14.4730961,0,24.17657341,"31","18"
"species",127,127,133.354023156514,793.126956657006,27.4693366124727,42.3937797,3.046792248,27.21135526,"31","13"
"species",128,128,133.125667702573,710.585942612741,32.3999720327064,48.05322131,6.004509926,5.240878011,"31","13"
"species",129,129,121.205089139619,618.433125638031,38.0798116863125,37.06402126,6.487973454,3.397277381,"31","13"
"species",130,130,125.991083526253,569.570758522532,43.9293579495515,38.865594,2.40851599,1.001091991,"31","13"
"species",131,131,132.137366747809,692.854036272836,33.8574758876535,29.0328483,8.256227348,0,"31","18"
"species",132,132,132.594123648427,548.945144112411,43.8634268326683,48.81981365,2.860633235,1.919436692,"31","13"
"species",133,133,131.899407948067,722.264537702737,31.2585123078572,47.9214261,5.847034101,18.71240237,"31","18"
"species",134,134,143.148411121504,786.80152469113,27,23.87814493,0,26.38952649,"31","18"
"species",135,135,130.773601372816,549.522192024167,43.7042066030168,38.865594,2.40851599,1.001091991,"31","18"
"species",136,136,138.006792706269,759.170280432824,28.8167389045866,47.98495095,9.125587817,25.0920897,"31","12"
"species",137,137,142.397912957038,610.917737861568,37.4125202541644,51.96652046,1.620688141,4.13989386,"31","13"
"species",138,138,133.567250310853,817.385564084361,26,25.95802664,0,9.768812952,"31","13"
"species",139,139,109.512064365955,1181.24390249696,22,8.105755326,35.03618984,3.452087216,"32","11"
"species",140,140,124.955614706224,684.869153973977,36.1480505620876,57.6378679,5.623193259,2.560358706,"31","18"
"species",141,141,122.214841111625,748.57387430883,26,36.25939668,6.648445301,2.712137721,"31","18"
"species",142,142,119.435676824208,790.139302674312,25,36.25939668,6.648445301,2.712137721,"31","18"
"species",143,143,114.432752385437,748.406122115918,26.0014438772061,36.25939668,6.648445301,2.712137721,"32","18"
"species",144,144,133.81014237922,814.623475369216,32.9726797317558,0.280180551,22.55660234,0,"32","11"
"species",145,145,140.201395810435,610.126243494441,38,65.14024442,1.400990109,16.54531378,"31","18"
"species",146,146,124.887576410367,806.307472433884,28,12.25076914,0,9.991459665,"31","12"
"species",147,147,135.15492191122,723.039849240518,33,43.09401964,3.291684299,11.34326558,"31","12"
"species",148,148,133.125705752207,802.226370839013,27,43.09401964,3.291684299,11.34326558,"31","12"
"species",149,149,149.216944152966,762.686788217732,27.6200266100728,8.23719688,0,49.22957768,"31","18"
"species",150,150,137.41049430572,614.551492819857,38.5721555158212,47.04794055,7.578866015,6.142455744,"31","18"
"species",151,151,134.982504068097,732.139274579533,31.0021003820261,40.50443511,6.059374237,17.46115839,"31","13"
"species",152,152,138.740700134666,600.756545578662,39,47.04794055,7.578866015,6.142455744,"31","18"
"species",153,153,134.712876869696,803.317707051527,25.9594968269706,45.5486725,2.225169257,8.847710058,"31","13"
"species",154,154,124.155504607604,647.674967924924,37.7828877781767,47.04794055,7.578866015,6.142455744,"31","18"
"species",155,155,136.266234288798,789.640579085972,27.0260059411448,27.53508285,8.568839358,31.79996258,"31","12"
"species",156,156,140.40080786295,608.71474029634,38.3828916114406,65.14024442,1.400990109,16.54531378,"31","18"
"species",157,157,129.362330037525,701.160133570136,32.8565774029493,47.9214261,5.847034101,18.71240237,"31","18"
"species",158,158,117.633728745485,643.409499081049,36.3116118069184,22.8350614,3.61248928,2.639437029,"31","12"
"species",159,159,127.753490860399,829.825045395566,26.9887176165959,39.16085693,12.66476322,13.14550659,"31","12"
"species",160,160,130.541394046573,696.152222483958,33.8633415212984,29.0328483,8.256227348,0,"31","18"
"species",161,161,133.56174587177,812.627499351247,25.430887634012,45.5486725,2.225169257,8.847710058,"31","13"
"species",162,162,133.261262709848,570.004272154799,42.3730827624964,48.81981365,2.860633235,1.919436692,"31","18"
"species",163,163,134.534786233391,573.373441937457,41.6637568813323,48.81981365,2.860633235,1.919436692,"31","13"
"species",164,164,132.503507338382,628.333361391021,38.0921297369748,65.14024442,1.400990109,16.54531378,"31","18"
"species",165,165,116.965232523592,2040.06773854654,32.9076928193715,1.230742456,54.82371669,0,"32","11"
"species",166,166,113.179033820181,1493.93734764796,32.0173258535659,0.687506548,13.28061174,0,"32","18"
"species",167,167,124.957179467987,1409.05553931294,32.5550976823591,0.687506548,13.28061174,0,"32","11"
"species",168,168,124.00720120291,848.295955029665,31.148209451454,0.94939165,34.07494816,0,"32","11"
"species",169,169,136.521215186522,662.01167024269,36.2194308977977,57.6378679,5.623193259,2.560358706,"31","13"
"species",170,170,112.897537162827,814.206234776675,28.9192279433938,16.02850254,5.105519101,1.518623386,"31","13"
"species",171,171,110.632333199841,823.978899336683,28.4553227555927,16.02850254,5.105519101,1.518623386,"33","13"
"species",172,172,111.185150544847,668.880482827342,35.9164240774854,44.38970266,3.205442272,3.681773963,"31","13"
"species",173,173,140.536665954505,583.269865568083,39,78.58042817,5.071184952,4.408980682,"31","18"
"species",174,174,122.356641872588,636.615042350889,35.2870876757075,37.26472623,6.826104475,2.178108487,"31","13"
"species",175,175,140.691685523013,813.417276544446,31.0124668645427,34.25057033,13.40190923,2.936689407,"31","18"
"species",176,176,137.016439559455,921.116866065879,31.6721366764481,23.84674571,8.804251692,2.249154622,"31","18"
"species",177,177,136.365714187699,793.004534354161,27.7517155996445,39.16085693,12.66476322,13.14550659,"31","13"
"species",178,178,117.833703932177,768.41678161787,29.7995180681004,36.46809388,3.943634702,0,"31","18"
"species",179,179,130.279306151927,740.719681354898,31.0565853452294,36.46809388,3.943634702,0,"31","18"
"species",180,180,132.246767889103,717.138515385189,33.2548941932282,43.09401964,3.291684299,11.34326558,"31","12"
"species",181,181,114.340638889061,758.128970524365,30.612236896529,15.11043496,1.843373575,0.778437432,"31","12"
"species",182,182,132.504921373546,731.768049939995,31.2234669292726,36.46809388,3.943634702,0,"31","18"
"species",183,183,135.370841698185,735.282752585618,30.6660200195124,36.46809388,3.943634702,0,"31","13"
"species",184,184,147.801322053158,730.106917728207,29.4303815448239,52.77933483,11.57085103,22.39424401,"31","18"
"species",185,185,133.477324544151,670.941282731283,35.5739781946673,35.4788309,2.294324006,1.297314748,"31","12"
"species",186,186,141.230413339073,666.611226128994,35.3996762489342,81.09481554,4.229111868,5.284178289,"31","18"
"species",187,187,134.740842610232,658.216765192655,36.3302317699381,35.4788309,2.294324006,1.297314748,"31","18"
"species",188,188,136.565198752086,541.520751203894,43.4213181665868,48.81981365,2.860633235,1.919436692,"31","13"
"species",189,189,125.796723763388,525.203276236612,45.7697743928153,19.65079791,2.607823693,0.963929762,"31","13"
"species",190,190,137.967190280243,592.74458883937,39.3482519921126,51.96652046,1.620688141,4.13989386,"31","18"
"species",191,191,114.223719089247,601.568529277521,43.0326068930873,48.81981365,2.860633235,1.919436692,"31","13"
"species",192,192,137.030829535727,594,40,51.96652046,1.620688141,4.13989386,"31","18"
"species",193,193,137.389616390229,594.713364806135,39,78.58042817,5.071184952,4.408980682,"31","18"
