"species","x","y","bio10_16","bio12_16","bio15_16","moose2015","red_deer2015","roe_deer2015","Forest_Type","Forest_Productivity"
"species",1,1,102.222394278989,796.903905246617,28.9746654861116,19.89450268,3.837507078,0,"32","13"
"species",2,2,114.271210719463,935.221179934186,22.465775084958,1.511478024,28.4208772,5.099162657,"32","18"
"species",3,3,96.7923550325899,732.924846144083,34,59.78025783,2.347089158,0,"32","11"
"species",4,4,101.269858756362,617.943010823289,23.8717392364926,17.34288675,0,0,"33","11"
"species",5,5,103.895980442442,1111.31001904922,27.576428190098,42.02991678,0,0,"32","11"
"species",6,6,115.124898225489,1535.94664750445,25,13.38493118,0.319248251,0,"31","13"
"species",7,7,99.0613664270523,540.188138365167,24.4149032940539,5.425111395,0,0,"32","11"
"species",8,8,111.143012976464,1119.61187974872,30.8228021012514,0.329780715,36.92443621,3.634352974,"32","18"
"species",9,9,99.5496691941837,549.966628830448,45.9897235133485,22.48276491,0.467341461,4.201983318,"32","11"
"species",10,10,114.946826757788,852.367400134615,27.6704670631773,17.16661537,6.598909338,2.863393877,"31","12"
"species",11,11,97.9710539879437,1237.60166349569,23.5384812339809,13.83875372,0,0,"32","11"
"species",12,12,102.531098291052,1052.88864780479,21,27.73827747,26.00016748,5.561003632,"32","11"
"species",13,13,98.947129121621,884.343224024854,26.0082365905644,10.08373274,0,0,"32","11"
"species",14,14,95.9058299653214,1173.81457713701,24.8043679370504,42.2603438,0,0,"32","12"
"species",15,15,96.3736787763005,696.01654233944,32.5185588928762,9.427479435,1.134342162,3.001059547,"33","11"
"species",16,16,107.644957061878,673.898009630044,32.1852743512229,9.427479435,1.134342162,3.001059547,"31","12"
"species",17,17,88.7602485840928,1147.32525647461,23.2484147500199,17.92001038,0,0,"32","12"
"species",18,18,99.7644653079508,795.502800123066,26.1507781882457,1.500546841,37.81767443,4.921665901,"33","13"
"species",19,19,94.2504292609329,1225.81681581069,25.5823820808666,17.92001038,0,0,"32","11"
"species",20,20,89.0231190865602,844.998053693968,23.0365102615008,10.08373274,0,0,"32","11"
"species",21,21,93.4631828146095,655.583771451713,36.1368806620033,17.05337136,2.297010785,3.05847174,"32","11"
"species",22,22,101.592021289582,1215.15512087137,24,13.83875372,0,0,"32","11"
"species",23,23,118.047875732881,1318.8952665877,30.7552651847786,1.557689311,123.5482997,24.10076593,"32","18"
"species",24,24,115.608631838912,1449.05472379956,32,0,78.01781876,0,"31","18"
"species",25,25,101.595539962463,781.40269436294,26,20.2554799,15.6438953,4.679748147,"32","11"
"species",26,26,99.3048667365399,850.174781518628,27.1978388040118,36.46809388,3.943634702,0,"33","11"
"species",27,27,94.9964499301061,571.051813231804,44.7987700701006,24.2414336,2.889287827,3.848637854,"32","11"
"species",28,28,100.589054529405,1428.44944756798,27.0696727074669,6.193128294,1.270061486,0,"32","12"
"species",29,29,80.1563830048086,844.232447861893,25.6269918223473,8.530747943,3.018622888,1.602894548,"32","11"
"species",30,30,90.863897187226,775.750553514417,27.4385549298357,8.530747943,3.018622888,1.602894548,"32","11"
"species",31,31,75.8258039194822,804.598781839245,28.1694492123875,37.26472623,6.826104475,2.178108487,"32","11"
"species",32,32,100.520802884961,828.127884830027,28.730138499692,42.48931168,5.157733352,4.921958628,"31","11"
"species",33,33,87.0844448498723,1030.04560483325,25.5306817631916,9.943917785,4.164504968,1.157522529,"32","11"
"species",34,34,92.1307938476455,1505.83632776564,27.1125618189863,6.193128294,1.270061486,0,"32","11"
"species",35,35,122.90576631453,1389.0161762403,27.8887906151905,36.34237141,3.296045727,10.23633018,"31","13"
"species",36,36,99.5627545722517,1369.14389744967,26.3071777182278,9.344118737,2.901787862,1.784139695,"32","11"
"species",37,37,113.819263125206,1320.83367186059,27.0280173924873,16.20637067,2.808924299,2.267648925,"31","12"
"species",38,38,107.399485108554,670.630371889484,31.7795445157444,6.366400955,7.882912004,0,"32","13"
"species",39,39,113.205191755938,2048.89148408632,32.0001737902554,5.537295974,16.85143025,7.6054687,"32","18"
"species",40,40,108.360791674063,2077.04817662743,31.07749473035,5.537295974,16.85143025,7.6054687,"32","11"
"species",41,41,122.964585006534,1367.59841547819,31,1.557689311,123.5482997,24.10076593,"32","11"
"species",42,42,130.706008656888,1781.35153362114,25,43.43858521,0,4.049319371,"31","13"
"species",43,43,94.0294958226914,748.225893171287,31.0036869778364,12.86835577,7.555277427,0,"32","11"
"species",44,44,103.64487710818,547.321867710688,44.9010985665875,24.2414336,2.889287827,3.848637854,"31","12"
"species",45,45,101.602521940406,673.219004413883,32.8948018207827,22.26715578,3.082914392,2.747739378,"32","11"
"species",46,46,107.410877284512,1296.16339209597,30.5828070258648,0,93.24327582,9.545271324,"32","18"
"species",47,47,97.9768119885288,1331.32437308241,29.837419579413,0,93.24327582,9.545271324,"32","18"
"species",48,48,120.151147770999,946.420565534317,29.9276385018931,1.500546841,37.81767443,4.921665901,"32","11"
"species",49,49,92.5053780132018,959.164844399083,27.6447252765162,8.19084272,7.909762312,1.740741502,"32","11"
"species",50,50,99.9373681105603,1316.98365262466,30.2205048737923,0,93.24327582,9.545271324,"32","18"
"species",51,51,104.997651490547,1363.9626316776,30.9232716956371,0,93.24327582,9.545271324,"32","18"
"species",52,52,122.079021791538,1023.3796008172,26.6975538410828,1.511478024,28.4208772,5.099162657,"32","18"
"species",53,53,109.203383785871,1195.34527913725,29,9.130896837,135.1851806,13.26228231,"32","18"
"species",54,54,112.163370230075,1235.30329244898,29.8605617050126,9.130896837,135.1851806,13.26228231,"32","11"
"species",55,55,87.8498454407428,795.865886274768,26.9221216946372,8.530747943,3.018622888,1.602894548,"32","11"
"species",56,56,93.0996461107399,589.098594266572,42.7769195414841,22.48276491,0.467341461,4.201983318,"32","11"
"species",57,57,99.736948762151,584.654172154425,41,22.48276491,0.467341461,4.201983318,"32","11"
"species",58,58,100.923747927864,620.453817463646,38,19.26835612,0,2.261500814,"32","11"
"species",59,59,110.478096298286,1270.05771398704,31.3183266278075,0,93.24327582,9.545271324,"32","18"
"species",60,60,96.7355134891115,1304.3783666683,29.6303893425238,0,93.24327582,9.545271324,"32","13"
"species",61,61,111.089779870511,1260.45576370366,31.8462773048036,0,93.24327582,9.545271324,"32","18"
"species",62,62,109.045990275844,1544.01653534675,32,0,173.5961919,0,"32","11"
"species",63,63,118.94545154465,1509.38059988735,32,0,78.01781876,0,"31","18"
"species",64,64,107.655144897093,1318.07871367077,31.1285762772315,0,93.24327582,9.545271324,"32","18"
"species",65,65,92.9423761763714,1362.45442919433,29.1950562424041,0,93.24327582,9.545271324,"32","18"
"species",66,66,99.5110063884535,1444.81008896129,31.018972109182,0,73.449384,0,"32","18"
"species",67,67,105.760195991325,1550.59733013879,32,0,73.449384,0,"32","11"
"species",68,68,116.239113931655,927.991203346312,23,79.89208961,1.335197374,31.0221955,"31","12"
"species",69,69,115.653123460258,918.578647942966,23,79.89208961,1.335197374,31.0221955,"31","13"
"species",70,70,98.2305391655414,688.899183856698,31,15.18059091,10.12129437,2.839168888,"31","12"
"species",71,71,101.34289543458,1947.3658215611,31.2532484935279,1.872004369,36.28814085,0,"32","18"
"species",72,72,110.489524083966,2110.02763127304,32,1.872004369,36.28814085,0,"32","18"
"species",73,73,111.390575278314,654.980799543977,32.5073852206442,21.44220167,7.391513063,4.110154002,"31","12"
"species",74,74,107.369592658161,1232.53257210159,29.1535623353995,14.26708678,0,0,"32","11"
"species",75,75,105.823887362472,1157.86748374077,20.1434579276902,107.5650526,2.431337072,17.86445891,"31","11"
"species",76,76,98.8082979542708,876.409994719622,26.9372042345107,25.08547726,5.882198662,0,"31","11"
"species",77,77,117.996715207529,912.205161720776,23,79.89208961,1.335197374,31.0221955,"31","18"
"species",78,78,90.8934837345355,813.871139840477,26,20.2554799,15.6438953,4.679748147,"32","11"
"species",79,79,101.245292736286,607.338186359572,39,19.26835612,0,2.261500814,"32","11"
"species",80,80,98.1744504931223,1222.33089085774,21.669947960996,8.128231472,0,0,"32","11"
"species",81,81,98.7668585235442,1093.39415552333,24.3761360655657,19.44969093,0,0,"32","12"
"species",82,82,90.3666824925612,797.834064212154,26.7007659735752,8.530747943,3.018622888,1.602894548,"32","11"
"species",83,83,117.520915032751,774.494579118781,29.9426757829651,42.48931168,5.157733352,4.921958628,"31","12"
"species",84,84,104.238367830039,1038.82529224525,26.3219901931226,23.22393919,2.078638027,1.526065809,"31","12"
"species",85,85,106.413581678452,770.496336495837,29.8581901781588,15.11043496,1.843373575,0.778437432,"31","12"
"species",86,86,95.9519598121095,1093.36041884206,25.0106173315667,8.6820767,1.920838358,0.711016946,"31","11"
"species",87,87,104.279194449778,1399.82579101153,29.2396284965257,1.226989831,3.755907139,0,"32","11"
"species",88,88,107.166152247086,709.583325203729,35.3859693061639,57.6378679,5.623193259,2.560358706,"31","13"
"species",89,89,110.110130365763,1135.17601270759,20,23.63257344,1.065077013,2.791286503,"33","11"
"species",90,90,109.782625823356,1333.50687707022,31.3989436872181,0,93.24327582,9.545271324,"32","18"
"species",91,91,95.8366446478004,568.32723174074,45.0858709532984,24.2414336,2.889287827,3.848637854,"32","11"
"species",92,92,101.723320015594,563.990126948787,42.3798623546757,22.48276491,0.467341461,4.201983318,"32","11"
"species",93,93,102.875049417057,1284.23191039402,30.4113699527687,0,93.24327582,9.545271324,"32","18"
"species",94,94,102.06051172514,555.234958168378,18,2.886409739,0,0,"32","11"
"species",95,95,125.175276809654,2242.8532877956,33,0,192.7427122,0,"32","18"
"species",96,96,107.93399085671,702.719498452219,36,57.6378679,5.623193259,2.560358706,"31","12"
"species",97,97,129.498525610937,1672.78233555246,30.9444649140608,5.562548082,8.859660023,23.16657394,"32","11"
"species",98,98,135.432742326784,2113.48523942113,31.1266785377354,0,170.0745195,0,"31","18"
"species",99,99,118.744973191289,678.439176918275,37,65.14024442,1.400990109,16.54531378,"31","12"
"species",100,100,99.9422495207955,900.075687585617,26.7219959312302,25.08547726,5.882198662,0,"31","11"
"species",101,101,110.799079285931,1062.97323404133,24,8.128231472,0,0,"32","13"
"species",102,102,94.4128665569722,647.337959394506,37,19.26835612,0,2.261500814,"32","11"
"species",103,103,105.513052907751,1173.86217971258,27.8086864986843,9.130896837,135.1851806,13.26228231,"32","18"
"species",104,104,115.705557687234,754.32742193764,28,56.44604547,5.437898015,4.380325628,"31","13"
"species",105,105,112.208984278431,1256.70806566413,24.6596247793914,12.84073283,0,0,"31","13"
"species",106,106,119.125134760429,1171.80586007308,27,16.94876747,6.502416008,5.657901198,"31","12"
"species",107,107,106.942152143898,652.97979227912,33.9611810562129,22.26715578,3.082914392,2.747739378,"33","11"
"species",108,108,125.161500341088,1895.22433589889,34,0.28148691,27.71730315,2.140618419,"31","18"
"species",109,109,113.236551463819,1500.07321332056,32.9403526393681,0,73.449384,0,"32","18"
"species",110,110,113.630511539077,765.413475490858,26,36.25939668,6.648445301,2.712137721,"31","13"
"species",111,111,136.751434917413,1925.60993336716,31.8757174587065,0,123.9381204,0,"32","18"
"species",112,112,89.9229950039062,991.605073176764,25,8.6820767,1.920838358,0.711016946,"32","11"
"species",113,113,119.548237916429,1133.63133733501,26.3552767692365,6.170248522,215.1429872,21.43908441,"31","18"
"species",114,114,103.530396111101,738.172267570713,28.3803775387258,36.25939668,6.648445301,2.712137721,"31","11"
"species",115,115,126.713573259016,1667.90056423553,30,35.04557233,34.11215635,42.60301672,"33","18"
"species",116,116,100.296336458654,657.107481634541,35.6989311950656,19.26835612,0,2.261500814,"32","13"
"species",117,117,108.717072935183,710.142298493421,30,16.47588281,0.419443553,0,"31","13"
"species",118,118,112.739214188315,1211.13268797489,23,34.33752951,2.100607675,8.295007222,"31","11"
"species",119,119,89.8096918341427,816.894100615557,26,3.805132781,6.104597485,2.942990841,"32","11"
"species",120,120,106.607466636127,818.421583520482,25.328491640565,56.44604547,5.437898015,4.380325628,"32","11"
"species",121,121,105.052937965872,948.101701721915,22,79.89208961,1.335197374,31.0221955,"31","12"
"species",122,122,114.118169852592,1305.69680037544,30.0005183328721,0,170.0257725,71.13756802,"32","18"
"species",123,123,111.896748298168,928.994346069725,22.8917342683994,79.89208961,1.335197374,31.0221955,"31","11"
"species",124,124,118.818650107626,905.247123184764,23.0428717617848,79.89208961,1.335197374,31.0221955,"31","13"
"species",125,125,102.179673828239,728.768374113431,29,36.25939668,6.648445301,2.712137721,"31","11"
"species",126,126,105.209747819006,787.239802838597,25,36.25939668,6.648445301,2.712137721,"31","13"
"species",127,127,102.493174348723,652.030812971871,35.2529672576045,19.26835612,0,2.261500814,"32","13"
"species",128,128,121.588647197811,1275.06551718015,30.5457468324739,0,92.4298068,27.83793469,"32","18"
"species",129,129,97.6885385990512,729.753112161272,29.3207542140882,9.427479435,1.134342162,3.001059547,"32","11"
"species",130,130,110.649979154843,943.466900989799,22,52.89740469,42.66598759,3.704228657,"31","13"
"species",131,131,97.0549719114216,747.626940170704,29,36.25939668,6.648445301,2.712137721,"32","13"
"species",132,132,108.575239857946,1190.15848103181,21.928365708941,8.969462979,103.2581584,9.644429327,"31","11"
"species",133,133,100.420199756452,1110.86616590512,20.6214926582856,25.31533678,0,0,"32","11"
"species",134,134,106.401657276181,738.232155221224,28.9421071027134,56.44604547,5.437898015,4.380325628,"31","11"
"species",135,135,99.3186598951126,1146.50183952214,28.8451339539847,1.500546841,37.81767443,4.921665901,"32","18"
"species",136,136,122.448707538985,1551.53848646694,29,13.86855208,1.104477728,3.649778544,"31","12"
"species",137,137,120.944304731886,1129.45734930872,26,6.170248522,215.1429872,21.43908441,"31","18"
"species",138,138,113.887401729749,1110.27673590841,22,27.73827747,26.00016748,5.561003632,"31","11"
"species",139,139,104.071858165764,743.614886756366,27.6560281965342,36.25939668,6.648445301,2.712137721,"31","11"
"species",140,140,114.641840309788,965.875647588238,22.6091680113304,58.88308771,70.57635392,4.485605801,"31","18"
"species",141,141,117.58299329079,908.23604567421,23,79.89208961,1.335197374,31.0221955,"31","13"
"species",142,142,108.986243710485,747,28,56.44604547,5.437898015,4.380325628,"31","12"
"species",143,143,101.693544399711,627.055140097513,37,19.26835612,0,2.261500814,"32","11"
"species",144,144,103.454934104189,691.948689700104,31.9566955160095,9.427479435,1.134342162,3.001059547,"31","11"
"species",145,145,114.432752385437,748.406122115918,26.0014438772061,36.25939668,6.648445301,2.712137721,"32","18"
"species",146,146,108.78611584202,899.235325421428,22.8075571054689,20.07768992,0.336258685,2.601745234,"33","11"
"species",147,147,92.1822952046623,691.201050911505,34.9963815075403,19.26835612,0,2.261500814,"32","11"
"species",148,148,109.860437064069,889.215299601856,23,20.07768992,0.336258685,2.601745234,"33","11"
"species",149,149,99.1632478395818,700.928363613559,31,36.25939668,6.648445301,2.712137721,"32","12"
"species",150,150,101.026798309444,621.107729801474,38,19.26835612,0,2.261500814,"32","11"
"species",151,151,112.329371657696,836.68702289161,24,20.07768992,0.336258685,2.601745234,"31","11"
"species",152,152,93.8403113121298,647.306930053331,36.9831748425624,9.427479435,1.134342162,3.001059547,"32","11"
"species",153,153,102.365944428016,911.437793343724,22.4088317370906,1.511478024,28.4208772,5.099162657,"32","13"
"species",154,154,85.4975026295374,639.234117661623,25.9243745986502,14.50580075,0,0,"32","13"
"species",155,155,120.047011839189,1133.89108306019,21.9477846892693,107.5650526,2.431337072,17.86445891,"31","11"
"species",156,156,111.623756339984,1246.80143672092,20.5596713557652,23.63257344,1.065077013,2.791286503,"31","12"
"species",157,157,120.784445899793,897.12164408689,23.6739500334333,79.89208961,1.335197374,31.0221955,"31","13"
"species",158,158,99.9881268052958,952.307403204802,25.724920980287,23.84674571,8.804251692,2.249154622,"31","12"
"species",159,159,115.61720127469,783.164883340994,25.037146669089,36.25939668,6.648445301,2.712137721,"31","13"
"species",160,160,108.2860586176,1265.38281471026,24,12.84073283,0,0,"31","11"
"species",161,161,99.3572731555105,676.015379326538,34.0589766744138,19.26835612,0,2.261500814,"32","13"
"species",162,162,113.883189467858,1001.12573465321,22.9099533864321,69.71456647,0.804518661,14.96290289,"31","13"
"species",163,163,115.363284145641,1493.53153744676,31.2883293597756,0,136.3807521,14.96783447,"32","18"
"species",164,164,103.225418488475,870.361032919843,27.2957226124232,1.500546841,37.81767443,4.921665901,"32","18"
"species",165,165,102.373170192468,1541.09338943667,31,0,78.01781876,0,"31","18"
"species",166,166,112.070428024013,1302.83796647161,31.1922236104772,0,136.3807521,14.96783447,"32","18"
"species",167,167,100.616928302894,631.149215091318,37,19.26835612,0,2.261500814,"32","13"
"species",168,168,109.795915812523,1362.20801663682,31.9920417640626,0,93.24327582,9.545271324,"32","18"
"species",169,169,108.046428043469,969.44172962441,29.2208765110195,1.500546841,37.81767443,4.921665901,"32","18"
"species",170,170,97.4623016405999,802.908440967145,25.7816070535148,36.74382779,0,0,"32","11"
"species",171,171,103.476684297897,1479.45743949493,27.3010427482845,30.01367568,0,0,"32","11"
"species",172,172,103.140547807482,743.503839865654,26,35.1280504,0,0,"32","11"
"species",173,173,107.072673696054,1223.63601098531,28.7498448663938,14.26708678,0,0,"32","11"
"species",174,174,102.378294485819,1205.12706161125,28.2125874254302,42.02991678,0,0,"32","11"
"species",175,175,88.3423075331529,1182.64976891112,22.6175939465973,17.27731644,0,0,"32","11"
"species",176,176,107.366665978172,511.650595148523,22,3.034265705,0,0,"33","11"
"species",177,177,99.0512817236859,769.012820430921,25.0128204309215,14.36253179,0,0,"32","11"
"species",178,178,105.790825992683,516.227094936644,21.8072596100796,3.034265705,0,0,"32","11"
"species",179,179,99.72249004772,1153.7118542268,24.93062251193,17.27731644,0,0,"32","13"
"species",180,180,92.9854065387106,553.940256626955,20,3.034265705,0,0,"32","11"
"species",181,181,90.9482824058332,1259.29366117195,24.7169762218485,19.8609975,0,0,"32","11"
"species",182,182,95.0628419246143,558.136566051941,26,17.34288675,0,0,"32","11"
"species",183,183,108.052247186734,508.032158263609,22,3.034265705,0,0,"32","11"
"species",184,184,103.79572715464,737.446215682548,24.9591157038779,14.36253179,0,0,"33","11"
"species",185,185,97.8079168469446,728.640103594659,24,14.36253179,0,0,"32","11"
"species",186,186,90.8525429021035,623.377186721672,23,14.36253179,0,0,"32","11"
"species",187,187,93.2055672847656,685.87947710041,23.1420506832339,17.34288675,0,0,"32","11"
"species",188,188,103.773878564052,536.825519050045,23.116895464578,3.721849252,0,0,"32","11"
"species",189,189,102.650863456512,908.594666378851,27.001723702484,10.08373274,0,0,"32","13"
"species",190,190,106.750642921426,708,30,16.47588281,0.419443553,0,"32","13"
"species",191,191,116.711998281936,1447.64306476736,30,30.01367568,0,0,"32","13"
"species",192,192,101.194383670376,1059.24915407104,23.9273551301299,13.77212177,0,0,"32","11"
"species",193,193,104.129505139351,1480.67489132623,27.9328772281753,30.01367568,0,0,"32","11"
"species",194,194,97.4401494355342,1213.01565373703,26.6797337619009,42.02991678,0,0,"32","11"
"species",195,195,91.7634537781169,1384.88661414036,26.7654628543077,8.6820767,1.920838358,0.711016946,"32","11"
"species",196,196,105.034176699422,2401.061507057,31.9245780648359,0,88.5743588,0,"31","18"
"species",197,197,99.6246327335001,925.628133164537,22,1.511478024,28.4208772,5.099162657,"32","13"
"species",198,198,101.00186771663,819.063301712846,26.4784958129483,36.74382779,0,0,"32","11"
"species",199,199,100.431484644704,1331.48370343443,30.8406499768092,0,73.449384,0,"32","11"
"species",200,200,93.0612724899672,1017.18506328847,24.7814152816027,8.6820767,1.920838358,0.711016946,"31","11"
"species",201,201,102.050746100067,978.688647397165,26.436878204584,23.84674571,8.804251692,2.249154622,"31","11"
"species",202,202,131.77763231637,980.249937870133,32,1.500546841,37.81767443,4.921665901,"32","11"
"species",203,203,117.381975907534,996.431121860715,31.040331160272,1.500546841,37.81767443,4.921665901,"32","18"
"species",204,204,112.897957970849,1353.198500255,32,0,73.449384,0,"32","18"
"species",205,205,123.602116785834,745.938993665659,31.4986765852095,48.05322131,6.004509926,5.240878011,"31","13"
"species",206,206,94.5800851227865,1325.58122588753,26.4820948104714,8.6820767,1.920838358,0.711016946,"32","11"
"species",207,207,99.996848685085,904.683435724089,26.3363039955634,17.16661537,6.598909338,2.863393877,"32","11"
"species",208,208,109.15021083083,993.986048313934,22.6958406787164,58.4723768,7.320391572,28.12153046,"31","11"
"species",209,209,123.970432305344,1489.32524464122,32,0,78.01781876,0,"32","18"
"species",210,210,107.145333070346,702.731404050613,36,47.04794055,7.578866015,6.142455744,"31","12"
"species",211,211,114.498210031379,1203.18875113427,22.5573274386961,8.969462979,103.2581584,9.644429327,"32","18"
"species",212,212,110.15871418268,1445.24928720148,31.8200272150396,0,78.01781876,0,"32","18"
"species",213,213,88.0227291590919,931.70189008458,25.3826759634987,25.08547726,5.882198662,0,"32","11"
"species",214,214,103.135312983677,652.071009778461,35,19.26835612,0,2.261500814,"32","11"
"species",215,215,93.5032457121556,1398.17409301662,25.5608036930901,9.344118737,2.901787862,1.784139695,"32","11"
"species",216,216,109.060235802541,1312.26348710167,31,0,136.3807521,14.96783447,"31","18"
"species",217,217,112.118066599119,1140.66969114547,22,27.73827747,26.00016748,5.561003632,"31","11"
"species",218,218,94.3410479532841,888.576127875424,25.223507992214,10.08373274,0,0,"32","18"
"species",219,219,78.5117664218276,945.143052118416,22,20.2554799,15.6438953,4.679748147,"32","11"
"species",220,220,117.163062969823,836.233103046848,28.9555404493507,17.16661537,6.598909338,2.863393877,"31","18"
"species",221,221,91.32894736008,972.727728638088,25.4289357050509,8.6820767,1.920838358,0.711016946,"32","11"
"species",222,222,93.224874127448,1419.63092877986,27,6.193128294,1.270061486,0,"32","11"
"species",223,223,100.394899400556,1278.99503973426,27.4649664668519,17.92001038,0,0,"32","11"
"species",224,224,106.909484982797,672.670799930521,38.463994358036,73.34505261,0.606095319,10.79659412,"31","12"
"species",225,225,107.028680204331,1405.86510411984,31.8594962404008,0,73.449384,0,"32","18"
"species",226,226,88.2523244430095,921.102071408963,21.8903839310605,3.805132781,6.104597485,2.942990841,"32","11"
"species",227,227,86.4644070858538,1004.37949758791,24.1036545783002,8.6820767,1.920838358,0.711016946,"32","11"
"species",228,228,113.421016519644,1000.78502862244,23,58.88308771,70.57635392,4.485605801,"31","13"
"species",229,229,111.718825911148,1101.90485856342,20,23.63257344,1.065077013,2.791286503,"31","12"
"species",230,230,89.7953856786676,949.908951398047,25.3475680337613,8.6820767,1.920838358,0.711016946,"32","11"
"species",231,231,95.0039165943695,1108.98791992404,24.4987022885236,42.02991678,0,0,"32","11"
"species",232,232,95.5162803508437,868.317287853986,27.0215034072421,16.02850254,5.105519101,1.518623386,"31","11"
"species",233,233,107.782909445043,1383.88384471842,29.7704629726625,1.557689311,123.5482997,24.10076593,"32","18"
"species",234,234,100.596540076706,983.27503018147,23.5388920335564,12.5989442,0,0,"32","18"
"species",235,235,92.6824639840924,731.835627000143,28.4890819272599,5.868740568,7.061298869,1.142570777,"32","11"
"species",236,236,87.8482351810872,1134.80842816377,23,42.02991678,0,0,"32","11"
"species",237,237,109.090051578655,1093.59201765696,28.8629592937372,42.02991678,0,0,"32","18"
"species",238,238,107.409792192786,1235.76769474837,28.5016947209071,9.130896837,135.1851806,13.26228231,"32","18"
"species",239,239,95.2343119805428,1116.31748759526,24.2435537155111,42.02991678,0,0,"32","11"
"species",240,240,99,1092.98223863802,25,42.02991678,0,0,"32","13"
"species",241,241,94.8104771347103,533.293591349227,26,4.76085459,0,0,"33","11"
"species",242,242,99.8463713755395,842.565529991436,27.4586165976048,36.46809388,3.943634702,0,"31","11"
"species",243,243,115.908902182953,1133.91096547472,30.5738612783379,1.500546841,37.81767443,4.921665901,"31","18"
"species",244,244,106.196362155791,1151.04543354215,30.5033167574646,1.500546841,37.81767443,4.921665901,"32","13"
"species",245,245,84.2267717744813,961.717552167388,24.9986584224894,1.500546841,37.81767443,4.921665901,"32","11"
"species",246,246,85.4875828905648,525.816180000251,27.4588576431048,5.425111395,0,0,"32","11"
"species",247,247,112.127861724358,862.302728444127,28.3539476163091,17.16661537,6.598909338,2.863393877,"31","18"
"species",248,248,96.5056806968936,1448.4985634921,31.0024291030167,0,73.449384,0,"32","11"
"species",249,249,122.844661318534,2637.81880869266,32,0,194.4239437,0,"32","18"
"species",250,250,131.749918327854,2569.46876640363,34.3836111468296,0,25.17221305,0,"31","11"
"species",251,251,120.755715404058,1329.64085488145,27,21.70710799,6.043681012,9.739136656,"31","13"
"species",252,252,134.708618926053,1731.95347825709,32,0,74.45148568,17.7305762,"31","18"
"species",253,253,121.910480161989,2281.38804013463,33,0,192.7427122,0,"31","11"
"species",254,254,136.470308431312,1800.36368614347,32,0,123.9381204,0,"31","18"
"species",255,255,135.525885106368,2314.91182120659,32,0,194.4239437,0,"31","18"
"species",256,256,134.355760076511,1906.81919460819,31.7176100659922,0,123.9381204,0,"31","18"
"species",257,257,121.9607650863,858.229313889952,29.3077640002463,34.25057033,13.40190923,2.936689407,"31","18"
"species",258,258,74.9855651521842,961.934508245954,21.4612865347601,3.805132781,6.104597485,2.942990841,"32","11"
"species",259,259,91.9784912348512,1304.5508415039,25.5658398261483,8.6820767,1.920838358,0.711016946,"32","11"
"species",260,260,115.813106907033,1306.16841149586,30.0993938115664,1.557689311,123.5482997,24.10076593,"32","18"
"species",261,261,99.38628927429,1274.74856820646,28.4444058295445,0,92.4298068,27.83793469,"32","11"
"species",262,262,92.5299031322275,978.581455644036,25.3143039128649,8.6820767,1.920838358,0.711016946,"32","11"
"species",263,263,90.1073051114414,937.597463076065,25.7764495356577,16.02850254,5.105519101,1.518623386,"32","11"
"species",264,264,87.8525804525366,934.431162991235,24.834628456437,16.02850254,5.105519101,1.518623386,"32","11"
"species",265,265,118.532492726025,792.97085753388,29.8302506553684,16.02850254,5.105519101,1.518623386,"31","12"
"species",266,266,92.5452592261677,950.578678968278,25.9069940202401,8.6820767,1.920838358,0.711016946,"32","11"
"species",267,267,93.2902085261793,954.276764131601,25.8700476344499,8.6820767,1.920838358,0.711016946,"32","11"
"species",268,268,107.73433749598,686.384457508843,32,9.427479435,1.134342162,3.001059547,"31","11"
"species",269,269,94.5324727462048,629.524498557963,39.3187350143433,19.26835612,0,2.261500814,"32","11"
"species",270,270,90.7932048722317,940.516547096458,25.724223670152,8.6820767,1.920838358,0.711016946,"32","11"
"species",271,271,94.7122533107363,1215.57058331961,28.948168555727,1.500546841,37.81767443,4.921665901,"32","11"
"species",272,272,91.5307911654213,1392.28881123488,25.8031087250484,6.193128294,1.270061486,0,"32","11"
"species",273,273,98.6946764057792,1426.0119352741,27.2917700750706,6.193128294,1.270061486,0,"32","11"
"species",274,274,129.07471225206,1751.12007649683,30,23.91464734,22.28369529,15.85436311,"32","11"
"species",275,275,94.9788102647526,1387.80586758404,26.3304220318355,6.193128294,1.270061486,0,"32","11"
"species",276,276,126.043025589299,1443.62963982768,28.8538349877136,26.99099079,2.804594974,21.69056293,"31","18"
"species",277,277,88.1010982092517,1490.76012512031,25.8581830339651,6.193128294,1.270061486,0,"33","11"
"species",278,278,98.4426301711279,645.553906676854,36.5780979372794,19.26835612,0,2.261500814,"32","11"
"species",279,279,99.033477202125,643.716448839428,36.8098859961011,19.26835612,0,2.261500814,"32","13"
"species",280,280,97.6158498417112,646.544225367765,36,19.26835612,0,2.261500814,"32","11"
"species",281,281,99.8085073807114,639.213855835674,36.692117412804,19.26835612,0,2.261500814,"32","13"
"species",282,282,98.4794941558697,933.801289903933,26,8.6820767,1.920838358,0.711016946,"33","11"
"species",283,283,97.9495078996512,567.764304756065,24,4.76085459,0,0,"32","11"
"species",284,284,99.7527352203436,793.930165924248,26,20.2554799,15.6438953,4.679748147,"32","11"
"species",285,285,88.2081400049466,812.442141279834,26,8.530747943,3.018622888,1.602894548,"32","11"
"species",286,286,142.027483871938,1810.91301440151,33.968050724766,1.230742456,54.82371669,0,"32","18"
"species",287,287,137.411491051205,1870.29567853759,32,0,95.81567055,0,"31","18"
"species",288,288,118.569150279348,1529.89125339266,30,30.01367568,0,0,"32","11"
"species",289,289,96.7208052226025,694.500334441012,33,19.26835612,0,2.261500814,"32","11"
"species",290,290,126.149812739942,2193.96878894733,33,0,88.5743588,0,"31","11"
"species",291,291,99.0686496852127,865.579461592075,26.9459216938829,36.46809388,3.943634702,0,"33","11"
"species",292,292,109.035939295224,645.146044966719,33.9698848060893,22.26715578,3.082914392,2.747739378,"31","11"
"species",293,293,92.7256961032655,609.724470781786,41.9201386004382,22.48276491,0.467341461,4.201983318,"32","11"
