"species","x","y","bio10_16","bio12_16","bio15_16","moose2015","red_deer2015","roe_deer2015","Forest_Type","Forest_Productivity"
"species",1,1,126.310990549454,849.618619173456,31.7710313701811,1.500546841,37.81767443,4.921665901,"32","11"
"species",2,2,140.990535367788,601.140139536799,38.1676827865063,48.78817438,0,15.67726787,"31","18"
"species",3,3,129.781745416952,1089.59619753426,33.9695113831683,0,73.449384,0,"32","18"
"species",4,4,138.544174286883,708.736409230863,32.8050865971369,16.02850254,5.105519101,1.518623386,"31","18"
"species",5,5,88.2826492503286,814.545570505091,26,8.530747943,3.018622888,1.602894548,"32","11"
"species",6,6,117.510054234836,626.545043958122,33.9266147155447,6.366400955,7.882912004,0,"32","11"
"species",7,7,102.904454391742,682.494855448936,31.4008407324439,15.18059091,10.12129437,2.839168888,"31","12"
"species",8,8,137.981371289429,1315.46486873207,33.7917176241174,0.687506548,13.28061174,0,"32","11"
"species",9,9,159.698909434552,750.794695173742,27,8.569329011,0,32.45822137,"31","11"
"species",10,10,87.5252631710619,732.986850456752,27.7117961935942,5.868740568,7.061298869,1.142570777,"32","11"
"species",11,11,160.664206756746,730.007379729763,29,14.4730961,0,24.17657341,"31","18"
"species",12,12,90.6907841247812,866.467315745242,27,0.94939165,34.07494816,0,"32","13"
"species",13,13,90.9106326295547,707.730846725681,28.9767719069189,5.868740568,7.061298869,1.142570777,"31","13"
"species",14,14,121.879630830287,830.152111953349,30.7317489700113,0.94939165,34.07494816,0,"32","18"
"species",15,15,118.641805232855,771.630980522884,29.3414398629523,1.500546841,37.81767443,4.921665901,"31","18"
"species",16,16,119.114818358223,826.269064205438,24.1800984431007,20.2554799,15.6438953,4.679748147,"31","18"
"species",17,17,124.172017628611,777.811997221571,30.9527610147138,1.500546841,37.81767443,4.921665901,"31","18"
"species",18,18,158.161942588078,728.947209912002,26,24.10430486,10.37656872,60.73339464,"31","18"
"species",19,19,107.093361627949,1075.53319186026,27.9066383720512,42.2603438,0,0,"32","13"
"species",20,20,97.0434286738242,717.632641028295,31.2755632135854,21.44220167,7.391513063,4.110154002,"31","11"
"species",21,21,119.379781773889,871.37859994165,30.2698374985979,0.94939165,34.07494816,0,"32","11"
"species",22,22,134.403599549918,828.72575341405,33.7026816422861,0.280180551,22.55660234,0,"32","11"
"species",23,23,100.829423407555,719.546121629345,31.8517943184535,12.86835577,7.555277427,0,"32","11"
"species",24,24,99.1626365815557,818.668320167453,25.9107056844767,3.805132781,6.104597485,2.942990841,"32","11"
"species",25,25,89.8096918341427,816.894100615557,26,3.805132781,6.104597485,2.942990841,"32","11"
"species",26,26,101.443092680151,645.943836823745,30.3554061030752,8.19084272,7.909762312,1.740741502,"31","12"
"species",27,27,109.206289595449,539.861256246791,24.3677046162775,4.76085459,0,0,"31","12"
"species",28,28,90.9659122505628,1020.07643031588,26.7164664444049,0.94939165,34.07494816,0,"32","11"
"species",29,29,114.706891444329,635.966164091025,38,37.06402126,6.487973454,3.397277381,"31","13"
"species",30,30,128.448430830044,2436.19318865663,33.5595882495965,1.872004369,36.28814085,0,"31","18"
"species",31,31,117.429167698517,1427.66461481589,31.8786977539243,0.687506548,13.28061174,0,"32","18"
"species",32,32,134.573232680331,2562.13479035299,33.5001305707838,0,34.79562648,0,"32","18"
"species",33,33,135.194249049264,2525.84763410507,33,0,34.79562648,0,"32","18"
"species",34,34,150.441483112731,723.620511192092,30.1379488807908,43.09401964,3.291684299,11.34326558,"31","18"
"species",35,35,110.340105301025,745.402044928509,30.2618401325424,19.89450268,3.837507078,0,"33","11"
"species",36,36,110.246234825359,702.166760834512,31.6370951486108,12.86835577,7.555277427,0,"31","11"
"species",37,37,131.795930010873,630.354656371162,34,21.44220167,7.391513063,4.110154002,"32","13"
"species",38,38,139.384459829019,605.776385758958,38.1906161671238,73.34505261,0.606095319,10.79659412,"31","18"
"species",39,39,89.0668999992413,812.770211885672,25.925314470508,8.530747943,3.018622888,1.602894548,"32","11"
