"species","x","y","bio10_16","bio12_16","bio15_16","moose2015","red_deer2015","roe_deer2015","Forest_Type","Forest_Productivity"
"species",1,1,103.591986370246,830.397303718516,26.7510267696769,28.57965742,0,0,"32","13"
"species",2,2,102.585477664887,708.697697476626,34.0208355862359,42.74220442,4.374857889,2.362380532,"31","12"
"species",3,3,119.84724166271,1068.639638104,24.9713952451668,49.72442573,29.87064129,31.727145,"31","11"
"species",4,4,109.03720345203,1101.37716527776,30.2710483498982,42.02991678,0,0,"31","18"
"species",5,5,99.4518486699338,1838.33185755156,26.8247433394581,9.794170144,0,0,"32","11"
"species",6,6,97.9704286076696,686.231363009745,31,15.18059091,10.12129437,2.839168888,"31","11"
"species",7,7,118.999992903898,1070.0123973326,24.9999964519491,49.72442573,29.87064129,31.727145,"31","13"
"species",8,8,114.271210719463,935.221179934186,22.465775084958,1.511478024,28.4208772,5.099162657,"32","18"
"species",9,9,139.502678683155,774.524159733226,27,47.98495095,9.125587817,25.0920897,"31","18"
"species",10,10,119.882953845634,1103.81698902589,30.9566657527046,17.92001038,0,0,"32","13"
"species",11,11,110.185749851882,1090.84979420873,26.9280639132525,19.44969093,0,0,"32","11"
"species",12,12,96.7923550325899,732.924846144083,34,59.78025783,2.347089158,0,"32","11"
"species",13,13,101.478720627693,637.971234948641,36.0569412702937,17.05337136,2.297010785,3.05847174,"31","12"
"species",14,14,99,1092.98223863802,25,42.02991678,0,0,"32","13"
"species",15,15,101.130885785304,793.065467445688,29.6542872547341,15.11043496,1.843373575,0.778437432,"33","11"
"species",16,16,150.77726355638,802.087180304615,26,67.31210855,0,41.20556595,"31","13"
"species",17,17,95.5815467398655,559.165492222221,19.742197727568,3.034265705,0,0,"32","11"
"species",18,18,110.731371720104,692.362768742498,35,59.78025783,2.347089158,0,"31","12"
"species",19,19,95.4161624562632,745.78090391205,30.8194696624074,42.42947395,12.44942108,0,"32","11"
"species",20,20,134.230455367376,791.636681751411,26.955337987117,47.98495095,9.125587817,25.0920897,"31","18"
"species",21,21,137.833999736504,741.890617208831,31,40.50443511,6.059374237,17.46115839,"31","18"
"species",22,22,88.1200591824679,738.344816798713,30.3970526060812,37.26472623,6.826104475,2.178108487,"32","11"
"species",23,23,140.776112516874,773.603104735106,27,44.05497245,6.614368484,22.79335791,"31","13"
"species",24,24,100.286340857748,565.428626425649,44.8860668501618,17.05337136,2.297010785,3.05847174,"31","12"
"species",25,25,143.206922625416,763.953062060855,27.1015271430819,44.05497245,6.614368484,22.79335791,"31","18"
"species",26,26,141.770586114842,799.93280291661,26,56.43464358,0,18.91236981,"31","13"
"species",27,27,103.169040203712,828.833350236933,25,56.44604547,5.437898015,4.380325628,"33","11"
"species",28,28,137.620079682817,684.371327803935,34.3907617337802,81.09481554,4.229111868,5.284178289,"31","18"
"species",29,29,98.5037839248415,601.158508411442,42,23.67677851,4.092707338,3.811278357,"31","11"
"species",30,30,114.246702030474,661.800059358021,36,44.38970266,3.205442272,3.681773963,"31","12"
"species",31,31,102.674754241284,693.955966054551,34.3452064051904,44.38970266,3.205442272,3.681773963,"31","12"
"species",32,32,90.8811435756407,854.825500916035,24.7302732684279,3.805132781,6.104597485,2.942990841,"32","11"
"species",33,33,86.5528674096473,828.306624765796,26,3.805132781,6.104597485,2.942990841,"32","11"
"species",34,34,143.06394131565,726.755906559107,31,44.86145394,1.250604749,30.91417916,"31","18"
"species",35,35,140.644897385087,775.993742863031,27,44.05497245,6.614368484,22.79335791,"31","13"
"species",36,36,143.229554878326,764.294343441392,27,44.05497245,6.614368484,22.79335791,"31","18"
"species",37,37,141.364794549099,774.172551974591,27,44.05497245,6.614368484,22.79335791,"31","13"
"species",38,38,133.433890459007,755.648946446324,30,12.25076914,0,9.991459665,"31","13"
"species",39,39,100.486412544356,524.573276538547,21.6584716152402,3.034265705,0,0,"31","11"
"species",40,40,138.50580368821,743.374821201189,30.7339306934122,44.86145394,1.250604749,30.91417916,"31","18"
"species",41,41,138.785105463242,736.197362758998,31.2789769301152,40.50443511,6.059374237,17.46115839,"31","18"
"species",42,42,141.28870103994,769.450849105283,27,44.05497245,6.614368484,22.79335791,"31","13"
"species",43,43,135,751.04080250498,30,12.25076914,0,9.991459665,"31","13"
"species",44,44,132.520819780514,801.341264727513,26.448441494541,47.98495095,9.125587817,25.0920897,"31","13"
"species",45,45,96.0377253563339,710.135312559449,29.0142161806605,15.18059091,10.12129437,2.839168888,"31","11"
"species",46,46,103.987652913315,680.461957705467,33.4125693587279,37.26472623,6.826104475,2.178108487,"31","13"
"species",47,47,135.471390452919,751.528609547081,30,40.50443511,6.059374237,17.46115839,"31","18"
"species",48,48,103.930707268652,620.367884691114,40.925959623876,37.06402126,6.487973454,3.397277381,"33","12"
"species",49,49,113.36166706262,1077.69661158584,30,42.02991678,0,0,"31","11"
"species",50,50,85.6633438320726,857.532173227021,24.4592947013051,3.805132781,6.104597485,2.942990841,"32","11"
"species",51,51,105.256378404441,1141.47790933478,27.8646843195298,17.92001038,0,0,"32","13"
"species",52,52,92.6824639840924,731.835627000143,28.4890819272599,5.868740568,7.061298869,1.142570777,"32","11"
"species",53,53,110.353561582455,1099.37291702318,30.304849168934,42.02991678,0,0,"31","18"
"species",54,54,116.537941013126,539.139440320073,35.0153907229788,5.868740568,7.061298869,1.142570777,"32","11"
"species",55,55,88.8055587621525,917.069300795329,22.2977738528318,3.805132781,6.104597485,2.942990841,"32","11"
"species",56,56,122.4714647356,1298.5357354814,22.6082523565119,23.63257344,1.065077013,2.791286503,"31","18"
"species",57,57,98.8177054232161,769.772687281914,29.9912982050444,19.89450268,3.837507078,0,"33","11"
"species",58,58,107.369139510771,532.246959490163,24.9797278972386,4.76085459,0,0,"31","12"
"species",59,59,140.945334503939,731.932306741107,31,40.50443511,6.059374237,17.46115839,"31","18"
"species",60,60,115.360625271647,885.807646711612,23,79.89208961,1.335197374,31.0221955,"31","13"
"species",61,61,97.2909074650635,935.157174564257,21.8985385628608,1.511478024,28.4208772,5.099162657,"32","13"
"species",62,62,90.8404861503619,850.701473254655,24.9843399188862,3.805132781,6.104597485,2.942990841,"32","11"
"species",63,63,138.974475592556,779.691139811266,26.6628932725603,44.05497245,6.614368484,22.79335791,"31","13"
"species",64,64,92.6370592746584,768.413603291755,27.4335605318048,8.530747943,3.018622888,1.602894548,"32","11"
"species",65,65,141.000666197287,778.57371914006,26.9530795915315,27.53508285,8.568839358,31.79996258,"31","13"
"species",66,66,133.295009931385,690.332498188582,34,81.09481554,4.229111868,5.284178289,"31","13"
"species",67,67,90.758023244141,920.798441855568,22,20.2554799,15.6438953,4.679748147,"32","12"
"species",68,68,91.502646382779,917.622634746784,22.1411186137278,20.2554799,15.6438953,4.679748147,"32","12"
"species",69,69,93.15417341825,911.036298344833,22.0376011311312,20.2554799,15.6438953,4.679748147,"32","11"
"species",70,70,95.329205217505,798.778039543063,26,20.2554799,15.6438953,4.679748147,"31","11"
"species",71,71,100.147208284283,790.356440048064,26,20.2554799,15.6438953,4.679748147,"31","12"
"species",72,72,105.219418156324,1126.83212055435,27.0802713880412,42.2603438,0,0,"32","11"
"species",73,73,95.5311014508946,868.677180817642,25.0702479720306,10.08373274,0,0,"32","11"
"species",74,74,124.642469732852,770.695979317585,30,36.46809388,3.943634702,0,"31","12"
"species",75,75,139.785426429514,800.002012420074,27,25.95802664,0,9.768812952,"31","13"
"species",76,76,142.661741893376,786.116946707653,27.4479986403577,25.95802664,0,9.768812952,"31","18"
"species",77,77,140.136354060822,798.630441230387,27,25.95802664,0,9.768812952,"31","18"
"species",78,78,102.921566761346,803.147897693867,26.9393839297244,1.500546841,37.81767443,4.921665901,"32","18"
"species",79,79,88.2081400049466,812.442141279834,26,8.530747943,3.018622888,1.602894548,"32","11"
"species",80,80,91.8887944490687,799.91427042154,26.7493235324262,8.530747943,3.018622888,1.602894548,"32","11"
"species",81,81,122.983417721989,798.547646794178,28.5021000398549,44.86145394,1.250604749,30.91417916,"31","13"
"species",82,82,130.936088150778,804.114411984477,27.1382372805409,42.3937797,3.046792248,27.21135526,"31","11"
"species",83,83,138.62414917568,777.160347581562,27.6924545390821,42.3937797,3.046792248,27.21135526,"31","13"
"species",84,84,108.098996585259,670.032702314381,34,37.26472623,6.826104475,2.178108487,"31","13"
"species",85,85,103.740831055981,580.730148377848,41,19.26835612,0,2.261500814,"31","13"
"species",86,86,113.127340227797,785.07175200007,29.9861006207743,16.02850254,5.105519101,1.518623386,"31","13"
"species",87,87,118.764490706586,805.75395681695,28.8119196432925,45.75073179,7.549714848,3.55799475,"31","12"
"species",88,88,78.9524477515932,868.603035882051,24.5821679627351,3.805132781,6.104597485,2.942990841,"32","11"
"species",89,89,117.799741816852,2035.30013047188,26.8788212285619,13.83875372,0,0,"33","18"
"species",90,90,129.322151589296,1773.6778484107,25,43.43858521,0,4.049319371,"31","13"
"species",91,91,124.592288192974,1988.5539260847,25.9026445951847,39.0447737,0.063370397,0,"31","18"
"species",92,92,104.401496488657,1067.40425596743,26.1377616033674,30.60779022,0,0,"32","13"
"species",93,93,127.856526083224,1819.17868974645,25,43.43858521,0,4.049319371,"31","13"
"species",94,94,102.360084646156,548.14055234617,18.8904961138459,2.886409739,0,0,"32","11"
"species",95,95,133.022191357281,1534.95380060367,32.6246422897894,1.12732788,23.00527371,28.13261462,"32","18"
"species",96,96,127.648575097784,2402.45397273876,31.8450621005669,0,194.4239437,0,"31","13"
"species",97,97,135.607205787007,1932.56377355788,32,0,82.40275501,0,"31","18"
"species",98,98,147.768174286462,754.686428365599,27,27.53508285,8.568839358,31.79996258,"31","13"
"species",99,99,136.184927971391,1730.22608042914,32,0,66.76580688,0,"31","18"
"species",100,100,130.775726745547,1804.38048539317,31.9908809475389,0,74.45148568,17.7305762,"31","18"
"species",101,101,115.277491900508,1779.23765055381,33,0,106.7198485,0,"31","18"
"species",102,102,131.710143225801,1251.89524725478,34,0,73.449384,0,"31","18"
"species",103,103,149.804672701478,760.492112510987,27.7484104802517,36.73246483,7.237559382,26.88021893,"31","18"
"species",104,104,115.082577737663,943.838204317677,28.3155482525641,23.84674571,8.804251692,2.249154622,"31","12"
"species",105,105,95.4624376598756,811.845120793059,29.0387644391231,15.11043496,1.843373575,0.778437432,"33","11"
"species",106,106,159.148931988998,739.353828786635,27.1927429288921,31.85973964,0,56.85620261,"31","18"
"species",107,107,92.2597398698949,867.640063008519,26.8997832471579,15.11043496,1.843373575,0.778437432,"32","11"
"species",108,108,142.176631302272,754.311060723902,28.2789473273198,45.5486725,2.225169257,8.847710058,"31","13"
"species",109,109,147.737362942717,826.856696471498,27,29.46682025,13.13958428,33.29227205,"31","13"
"species",110,110,145.967096993108,706.407797398435,31.9412405589919,42.48931168,5.157733352,4.921958628,"31","18"
"species",111,111,109.686969730731,926.769035552388,27.5410920847958,23.84674571,8.804251692,2.249154622,"31","12"
"species",112,112,97.6652482672033,803.327652869868,28.7307788411768,15.11043496,1.843373575,0.778437432,"33","11"
"species",113,113,116.483771367662,748.565674670354,30.7469435059414,15.11043496,1.843373575,0.778437432,"31","13"
"species",114,114,134.285518067997,777.085559549525,27.9421137535172,47.98495095,9.125587817,25.0920897,"31","11"
"species",115,115,94.7563751640982,731.512751638102,33.1430847017471,44.38970266,3.205442272,3.681773963,"32","11"
"species",116,116,138.022116025784,785.838612700446,27,42.3937797,3.046792248,27.21135526,"31","18"
"species",117,117,99.009035920525,592.421643266106,42.8504163241061,22.48276491,0.467341461,4.201983318,"32","11"
"species",118,118,125.086592681924,616.625639921186,40,48.81981365,2.860633235,1.919436692,"31","18"
"species",119,119,141.831935300834,1469.74842292897,31,27.84719022,20.86410079,46.05530616,"32","18"
"species",120,120,129.358573676798,1237.92544387457,29,16.20637067,2.808924299,2.267648925,"31","18"
"species",121,121,104.382860760398,1436.76587377669,28,6.193128294,1.270061486,0,"32","11"
"species",122,122,117.03900275364,1322.67484267291,27.9674312290074,9.344118737,2.901787862,1.784139695,"31","18"
"species",123,123,144.714839349606,767.486860766872,27,27.53508285,8.568839358,31.79996258,"31","18"
"species",124,124,145.096362260856,767.908813296315,27,27.53508285,8.568839358,31.79996258,"31","18"
"species",125,125,97.6704999661235,630.365950011434,38.0210977184972,19.26835612,0,2.261500814,"32","11"
"species",126,126,97.2110284257975,829.760942774208,28.2018380709663,15.11043496,1.843373575,0.778437432,"31","12"
"species",127,127,90.9736576795735,813.502585378236,28.2786315558201,19.89450268,3.837507078,0,"32","11"
"species",128,128,86.1258964475277,939.188426596222,21.8904459499932,3.805132781,6.104597485,2.942990841,"32","11"
"species",129,129,152.879998010617,798.120616337619,26,67.31210855,0,41.20556595,"31","13"
"species",130,130,151.987270353406,790.062640244349,26,69.53884645,0,31.96862846,"31","18"
"species",131,131,119.473498998034,564.718766734372,44,38.865594,2.40851599,1.001091991,"31","12"
"species",132,132,115.052751905455,710.90953569407,34.811515063248,35.4788309,2.294324006,1.297314748,"31","12"
"species",133,133,134.394837291471,670.191164420704,34.1920405934916,61.71447547,2.220604501,25.05913131,"31","13"
"species",134,134,135.892276206821,731.508915944028,30,61.71447547,2.220604501,25.05913131,"31","13"
"species",135,135,133.719644393156,693.161069810669,34,47.9214261,5.847034101,18.71240237,"31","13"
"species",136,136,101.98757236626,768.350143167177,30.5158350975187,15.11043496,1.843373575,0.778437432,"32","11"
"species",137,137,131.247305083338,756.981149274604,29.7909722386243,63.27551572,2.493425199,5.000280052,"31","13"
"species",138,138,111.548234729447,563.248293045354,47.6590700485711,15.86785116,0,1.845755321,"31","12"
"species",139,139,137.007384955615,709.532202342564,33.6135350674399,40.50443511,6.059374237,17.46115839,"31","13"
"species",140,140,101.15207855774,688.177365706096,37.8564593555817,78.58042817,5.071184952,4.408980682,"31","12"
"species",141,141,138.301161765612,646.858151821209,36,47.9214261,5.847034101,18.71240237,"31","18"
"species",142,142,94.9556849041232,735.284736306509,34,57.6378679,5.623193259,2.560358706,"32","11"
"species",143,143,151.709532220338,787.892203240543,26,69.53884645,0,31.96862846,"31","13"
"species",144,144,151.32216064685,791.726313227062,26,69.53884645,0,31.96862846,"31","18"
"species",145,145,138.471282422022,764.970004063279,29,12.25076914,0,9.991459665,"31","18"
"species",146,146,90.6907841247812,866.467315745242,27,0.94939165,34.07494816,0,"32","13"
"species",147,147,132.235540206554,689.792161402168,34,84.29103591,2.929292738,35.87541889,"31","13"
"species",148,148,107.379236870852,703.218630401636,33.6264682669657,42.74220442,4.374857889,2.362380532,"31","12"
"species",149,149,115.449264812423,2443.36704679089,32.6583519679055,0,192.7427122,0,"32","18"
"species",150,150,114.466201474474,706.139102100339,34.9282386647571,59.78025783,2.347089158,0,"31","13"
"species",151,151,124.957179467987,1409.05553931294,32.5550976823591,0.687506548,13.28061174,0,"32","11"
"species",152,152,136.819535824517,755.831087218506,29.3388487236821,44.86145394,1.250604749,30.91417916,"31","18"
"species",153,153,122.391830667457,2348.47068108397,33.1697825843878,0,192.7427122,0,"32","18"
"species",154,154,113.852382454753,1574.24422034908,32.8522788671175,0,45.54624431,0,"32","18"
"species",155,155,119.490118958574,759.468499616236,31,40.50443511,6.059374237,17.46115839,"31","13"
"species",156,156,119.836970123321,1502.29626566804,32.9596818057438,0,45.54624431,0,"31","18"
"species",157,157,122.545230647013,644.552508889535,32.8545052473949,21.44220167,7.391513063,4.110154002,"31","13"
"species",158,158,124.928888949253,647.875532695257,33,21.44220167,7.391513063,4.110154002,"31","13"
"species",159,159,133.109046242915,1499.40037184414,34.6070008093866,0,45.54624431,0,"32","18"
"species",160,160,106.412783595825,680.759848526538,34.9346756736436,37.26472623,6.826104475,2.178108487,"31","12"
"species",161,161,90.6657417912405,752.433393239676,30.9848443963915,44.32803191,13.33544072,0,"32","11"
"species",162,162,115.424529834349,657.590564664807,36.5042546160602,44.38970266,3.205442272,3.681773963,"31","13"
"species",163,163,126.92456701947,612.00037526895,39,78.58042817,5.071184952,4.408980682,"31","18"
"species",164,164,108.023479642546,675.447780432635,34.1983624262744,37.26472623,6.826104475,2.178108487,"32","11"
"species",165,165,102.100487343988,692.980400161489,33.3444381983914,37.26472623,6.826104475,2.178108487,"32","11"
"species",166,166,98.0819214093255,730.241637154428,30.7647049201953,6.366400955,7.882912004,0,"32","11"
"species",167,167,112.931491148538,662.750341706178,34.5349184809996,37.26472623,6.826104475,2.178108487,"31","12"
"species",168,168,123.472100210704,799.984280838619,29,44.86145394,1.250604749,30.91417916,"31","13"
"species",169,169,105.107139637605,749.119508622887,27,8.530747943,3.018622888,1.602894548,"31","13"
"species",170,170,92.1538646911438,924.028848029653,26.9904273462639,8.19084272,7.909762312,1.740741502,"31","12"
"species",171,171,130.98522861809,730.800202041876,31,47.9214261,5.847034101,18.71240237,"31","18"
"species",172,172,91.367204196197,820.889057036106,28.4315434415523,15.11043496,1.843373575,0.778437432,"32","11"
"species",173,173,122.52243232828,605.207804619226,35.6440709640097,6.366400955,7.882912004,0,"31","12"
"species",174,174,99.8091929701512,572.115792265297,42.0447034118191,22.48276491,0.467341461,4.201983318,"32","11"
"species",175,175,100.132232560941,623.986711312335,37.5395395241846,19.26835612,0,2.261500814,"32","11"
"species",176,176,97.5063855734555,647.909917370032,36,19.26835612,0,2.261500814,"32","11"
"species",177,177,106.923887315313,679.704516879777,35.1581944106706,22.8350614,3.61248928,2.639437029,"31","12"
"species",178,178,132.63442170323,691.319818960812,33.1181581710742,47.9214261,5.847034101,18.71240237,"31","18"
"species",179,179,124.300812496898,752.903991979195,31.0866348354657,40.50443511,6.059374237,17.46115839,"31","13"
"species",180,180,128.705830690608,702.494196009865,33,47.9214261,5.847034101,18.71240237,"31","12"
"species",181,181,137.167872420332,722.449154872811,32,40.50443511,6.059374237,17.46115839,"31","18"
"species",182,182,143.143642390286,722.23186051634,31.8908939252053,40.50443511,6.059374237,17.46115839,"31","18"
"species",183,183,133.533747480319,690.701443493007,34,84.29103591,2.929292738,35.87541889,"31","13"
"species",184,184,105,579.384934545557,41,19.26835612,0,2.261500814,"31","13"
"species",185,185,148.564845800863,811.356113799003,25.7824229004314,82.84455655,0,106.3904331,"31","13"
"species",186,186,147.178847525261,777.52610659836,27,52.57030574,0.363637888,32.77363522,"31","13"
"species",187,187,142.548970192313,811.283320787359,26,25.95802664,0,9.768812952,"31","18"
"species",188,188,135.906568536865,821.199484313582,29,30.18818188,28.25801849,15.04767058,"31","12"
"species",189,189,142.493385830657,787.354309521197,27,52.57030574,0.363637888,32.77363522,"31","13"
"species",190,190,149.939760650478,818.949092665524,25,59.47566632,0,35.29766864,"31","13"
"species",191,191,150.600185918193,807.935817073551,25.3637391440049,69.53884645,0,31.96862846,"31","13"
"species",192,192,115.259504649844,741.073933346541,31.1501779549214,15.11043496,1.843373575,0.778437432,"31","13"
"species",193,193,115.487071899385,744.573150186787,31.5729866117432,15.11043496,1.843373575,0.778437432,"31","13"
"species",194,194,99.9268702759551,785.007855768959,29,15.11043496,1.843373575,0.778437432,"31","12"
"species",195,195,129.440847925525,755.713512739131,30,63.27551572,2.493425199,5.000280052,"31","13"
"species",196,196,140,636.128366919007,35.6204510533712,51.96652046,1.620688141,4.13989386,"31","13"
"species",197,197,132.687532235253,722.25699643864,30.5838182647487,43.93810744,0.962892886,7.912545932,"31","13"
"species",198,198,138.759757017107,647.566032130457,35,61.31960558,1.088210293,17.01928901,"31","18"
"species",199,199,131.03991666105,617.940432859084,39,73.34505261,0.606095319,10.79659412,"31","18"
"species",200,200,133,521.965576522114,45,19.65079791,2.607823693,0.963929762,"31","13"
"species",201,201,92.9353120621201,764.330627287246,29,19.78270079,2.456852267,1.857717786,"31","12"
"species",202,202,120.905822273807,624.057363640371,41,37.85877824,0,1.303659425,"31","13"
"species",203,203,105.825478042707,861.55419594357,23.5460204653551,3.805132781,6.104597485,2.942990841,"32","11"
"species",204,204,114.903217067446,639.296548373439,38.7831232437996,78.58042817,5.071184952,4.408980682,"31","18"
"species",205,205,99.5210921394597,693.07359270658,32.8420387355811,37.26472623,6.826104475,2.178108487,"33","12"
"species",206,206,111.155001927187,655.83216764897,33.9780573810919,37.26472623,6.826104475,2.178108487,"31","12"
"species",207,207,93.8610091712835,588.908238896588,41.9215229080037,22.48276491,0.467341461,4.201983318,"32","11"
"species",208,208,139.021306208773,781.621773046001,27,27.53508285,8.568839358,31.79996258,"31","13"
"species",209,209,142.544591342334,813.26980684599,26,23.87814493,0,26.38952649,"31","13"
"species",210,210,146.535042726894,719.413854359493,29.6640889789515,47.54749112,7.159377437,31.17824254,"31","18"
"species",211,211,142.433002716826,800.077979409146,26.0780533417151,23.87814493,0,26.38952649,"31","18"
"species",212,212,147.322317599204,786.294567623484,27.0654941846677,23.87814493,0,26.38952649,"31","18"
"species",213,213,139.216505555964,804.193916994701,27,25.95802664,0,9.768812952,"31","13"
"species",214,214,131.815287007886,755.26445641413,29,47.54749112,7.159377437,31.17824254,"31","13"
"species",215,215,145.634392721792,808.37537617598,26.0235597764951,25.95802664,0,9.768812952,"31","12"
"species",216,216,99.8482295569096,722.645267854885,34.0736787452127,57.6378679,5.623193259,2.560358706,"31","11"
"species",217,217,113.309066987531,550.64062509593,34.6817275347698,5.868740568,7.061298869,1.142570777,"32","13"
"species",218,218,100.575751261639,678.133793167012,31.639960742065,15.18059091,10.12129437,2.839168888,"31","12"
"species",219,219,98.2305391655414,688.899183856698,31,15.18059091,10.12129437,2.839168888,"31","12"
"species",220,220,130.93961933875,793.323197348802,27.6523263376922,52.77933483,11.57085103,22.39424401,"31","18"
"species",221,221,96.5714645949247,734.30812941575,33.2947434736648,59.78025783,2.347089158,0,"33","11"
"species",222,222,124.094206160145,728.771267565896,32,47.9214261,5.847034101,18.71240237,"31","12"
"species",223,223,139.354719480306,750.189596110216,28.4552076516595,51.74144646,1.630122359,10.57013525,"31","18"
"species",224,224,134.013437489948,641.576100722074,35.3957243212803,42.42947395,12.44942108,0,"31","18"
"species",225,225,111.47704756876,698.370803831121,32.7461745947933,42.42947395,12.44942108,0,"31","12"
"species",226,226,140.310203806134,779.457092979359,26.8957557156659,27.53508285,8.568839358,31.79996258,"31","13"
"species",227,227,118.198449722262,696.093365522645,33.6339898974122,35.72380336,8.923438758,2.311630946,"31","12"
"species",228,228,147.796979019862,742.072211636756,28,47.98495095,9.125587817,25.0920897,"31","18"
"species",229,229,134.949211819961,749.907226431554,29.8446945360021,63.27551572,2.493425199,5.000280052,"31","13"
"species",230,230,97.0531459357363,909.64748388474,26,25.08547726,5.882198662,0,"32","11"
"species",231,231,101.026798309444,621.107729801474,38,19.26835612,0,2.261500814,"32","11"
"species",232,232,95.5575901758388,673.46647540906,35.0829693842467,19.26835612,0,2.261500814,"32","13"
"species",233,233,96.3051522351305,760.026334199829,28.9131440293913,19.78270079,2.456852267,1.857717786,"33","12"
"species",234,234,112.836416597394,836.565447072943,25,91.59537109,0.841762109,20.5676583,"31","18"
"species",235,235,97.7001719084141,643.047950447318,36.9056743618211,19.26835612,0,2.261500814,"32","11"
"species",236,236,116.961852386586,1115.39094288864,21,107.5650526,2.431337072,17.86445891,"31","13"
"species",237,237,89.8096918341427,816.894100615557,26,3.805132781,6.104597485,2.942990841,"32","11"
"species",238,238,100.160579369968,605.356793353681,39.1087227814638,19.26835612,0,2.261500814,"32","11"
"species",239,239,120.690763401677,1721.50771833367,33.3498859060593,0,106.7198485,0,"31","18"
"species",240,240,84.4657180680834,949.401270244867,25.5141811500958,0.94939165,34.07494816,0,"32","18"
"species",241,241,111.705325169536,970.256893230183,25.6191220071629,1.511478024,28.4208772,5.099162657,"32","11"
"species",242,242,91.0340702012903,821.976126842336,28.9326484080374,15.11043496,1.843373575,0.778437432,"33","11"
"species",243,243,130.840323750577,764.385399993416,29.2257237439933,48.05322131,6.004509926,5.240878011,"31","12"
"species",244,244,101.379109441084,708.158838364079,34.5742054412476,44.38970266,3.205442272,3.681773963,"31","11"
"species",245,245,137.764633320648,784.050801870702,27.3216741410293,42.3937797,3.046792248,27.21135526,"31","18"
"species",246,246,151.931002802256,793.360905290037,26,67.31210855,0,41.20556595,"31","18"
"species",247,247,154.471983656824,777.767456218524,27,29.46682025,13.13958428,33.29227205,"31","11"
"species",248,248,104.978180834204,700.179198736862,34.5009648755425,42.74220442,4.374857889,2.362380532,"31","12"
"species",249,249,131.925775976274,661.093762362644,36.1665029445023,57.6378679,5.623193259,2.560358706,"31","13"
"species",250,250,118.004151420608,2416.87741859985,32.9445531472051,0,192.7427122,0,"32","18"
"species",251,251,113.740719111797,1395.69317243565,31.9750280733767,0.94939165,34.07494816,0,"31","18"
"species",252,252,117.510054234836,626.545043958122,33.9266147155447,6.366400955,7.882912004,0,"32","11"
"species",253,253,121.879630830287,830.152111953349,30.7317489700113,0.94939165,34.07494816,0,"32","18"
"species",254,254,105.333438431624,675.481356605472,37.406169961616,44.38970266,3.205442272,3.681773963,"31","12"
"species",255,255,129.925959341877,789.137446738429,28,12.25076914,0,9.991459665,"31","18"
"species",256,256,99.088928808847,715.895821654472,33.18032708443,22.26715578,3.082914392,2.747739378,"31","12"
"species",257,257,122.066775908075,689.042504210923,36,65.14024442,1.400990109,16.54531378,"31","13"
"species",258,258,113.745046662988,646.264247103416,34.3778003050631,44.32803191,13.33544072,0,"31","12"
"species",259,259,118.406288290229,648.185881295905,35,37.26472623,6.826104475,2.178108487,"31","13"
"species",260,260,142.374827352232,651.244057496574,36.1673453188903,81.09481554,4.229111868,5.284178289,"31","13"
"species",261,261,93.9938155043353,726.972683599729,30.983840499292,6.366400955,7.882912004,0,"32","11"
"species",262,262,100.613123769681,742.880063070138,29.8792847908341,12.86835577,7.555277427,0,"32","11"
"species",263,263,96.7562251394626,776.112533066041,28.9621524019601,12.86835577,7.555277427,0,"32","11"
"species",264,264,133.581257725886,726.837484548228,30.9689977618347,21.2716249,0,8.598150054,"31","18"
"species",265,265,137.761093939102,565,41,48.81981365,2.860633235,1.919436692,"31","12"
"species",266,266,126.120965595353,712.702887855483,33,47.9214261,5.847034101,18.71240237,"31","13"
"species",267,267,125.249508634789,649.426089151292,32.1064004310033,21.44220167,7.391513063,4.110154002,"31","13"
"species",268,268,138.448541438509,793.887019144089,27.0586320044696,25.95802664,0,9.768812952,"31","18"
"species",269,269,138.997686136523,692.791727132879,32,47.54749112,7.159377437,31.17824254,"31","11"
"species",270,270,103.171893969579,614.052840912184,37.9428837129743,19.26835612,0,2.261500814,"32","11"
"species",271,271,138.057113899298,759.901110207623,28.304223686402,51.74144646,1.630122359,10.57013525,"31","18"
"species",272,272,133.04183609298,683.653504596624,34,64.77156448,1.358536426,4.753590765,"31","13"
"species",273,273,146.087554737609,716.575870871425,29,51.74144646,1.630122359,10.57013525,"31","18"
"species",274,274,138.495963307077,782.582777678748,27,44.05497245,6.614368484,22.79335791,"31","13"
"species",275,275,142.266483795443,802.681458651528,26,56.43464358,0,18.91236981,"31","13"
"species",276,276,134.558455100329,815.640787272871,26.5613041393299,25.95802664,0,9.768812952,"31","18"
"species",277,277,89.7729474387283,851.524486045075,24.577861924522,3.805132781,6.104597485,2.942990841,"32","11"
"species",278,278,93.0801399251617,757.82053839137,29.0801399251617,8.530747943,3.018622888,1.602894548,"32","11"
"species",279,279,134.800229824612,747.333239561503,30.0657465810971,63.27551572,2.493425199,5.000280052,"31","13"
"species",280,280,104.986608971847,578.304507201435,41,19.26835612,0,2.261500814,"31","13"
"species",281,281,127.236554588533,2003.25841928147,26,14.21947256,0,0,"32","11"
"species",282,282,99.4403677378216,555.507261016776,44.0957877426005,22.48276491,0.467341461,4.201983318,"32","11"
"species",283,283,97.1750693550931,575.914612430664,43.9801116678447,17.05337136,2.297010785,3.05847174,"33","12"
"species",284,284,137.653141267904,781.212457981518,27,45.5486725,2.225169257,8.847710058,"31","13"
"species",285,285,107.272663776653,781.021951087758,26,36.25939668,6.648445301,2.712137721,"31","13"
"species",286,286,102.624681151392,1324.53196806292,27.2444994590555,29.49279958,0,0,"31","11"
"species",287,287,137.477013960194,1833.97210875456,32,0,123.9381204,0,"31","18"
"species",288,288,108.33299266017,1149.42360586298,27.5969444280813,8.6820767,1.920838358,0.711016946,"31","13"
"species",289,289,143.245668910995,790.005780311882,26.0449351676323,36.73246483,7.237559382,26.88021893,"32","18"
"species",290,290,111.216358088609,709.807557842475,32.98320548008,35.72380336,8.923438758,2.311630946,"31","12"
"species",291,291,137.654266591841,769.569052564552,28.5951395293871,52.77933483,11.57085103,22.39424401,"31","18"
"species",292,292,146.917403325952,743.25468736122,29.1116113150009,41.46017928,8.191929972,30.12976851,"31","18"
"species",293,293,123.938573212411,679.422534456219,33.0104676738295,19.89450268,3.837507078,0,"31","13"
"species",294,294,89.2977488642652,766.50745213448,27.1694369624778,15.18059091,10.12129437,2.839168888,"32","11"
"species",295,295,119.240659678712,1264.50883662114,28.3874809048504,9.344118737,2.901787862,1.784139695,"31","18"
"species",296,296,113.850251595019,692.892887781804,36,57.6378679,5.623193259,2.560358706,"31","13"
"species",297,297,109.483756385998,672.573759019014,35.2920369846354,44.38970266,3.205442272,3.681773963,"31","13"
"species",298,298,112.510194894351,661.099365793673,35,37.26472623,6.826104475,2.178108487,"31","12"
"species",299,299,95.0735736201527,781.838444627147,26.5194285979763,8.530747943,3.018622888,1.602894548,"32","11"
"species",300,300,142.510004031882,720.738967100598,30,21.2716249,0,8.598150054,"31","18"
"species",301,301,92.7409368242764,710.377296816894,33.8475129401194,21.44220167,7.391513063,4.110154002,"32","11"
"species",302,302,118.750044221366,742.522809633613,31.715005440001,47.9214261,5.847034101,18.71240237,"31","18"
"species",303,303,126.364436462334,727.724906162851,32.9382589611449,84.29103591,2.929292738,35.87541889,"31","18"
"species",304,304,99.4238392217994,1249.38139063502,30.5173874685867,0.329780715,36.92443621,3.634352974,"32","11"
"species",305,305,131.996406976976,633.008839093567,37.0022097733917,51.96652046,1.620688141,4.13989386,"31","13"
"species",306,306,138.050582622306,604.632997593315,38.3761425133307,51.96652046,1.620688141,4.13989386,"31","18"
"species",307,307,137.549610828956,794.53888169173,27.3288367297387,23.87814493,0,26.38952649,"31","13"
"species",308,308,104.366516411616,602.735796716367,39.4058808166576,19.26835612,0,2.261500814,"31","12"
"species",309,309,91.8824731513818,830.619516856609,28.2420841569883,15.11043496,1.843373575,0.778437432,"32","11"
"species",310,310,143.697086415632,735.331715873847,28.5143455523731,62.64905485,0,13.92362896,"31","18"
"species",311,311,116.287801311379,893.036170809554,23,82.23118812,21.71678608,13.07621608,"31","12"
"species",312,312,88.0614076786376,811.830860968193,26.6043092541268,8.530747943,3.018622888,1.602894548,"32","11"
"species",313,313,112.032372094097,1206.93650298701,30.1113979305576,30.01367568,0,0,"32","18"
"species",314,314,110.427921696504,660.396281760621,32,21.44220167,7.391513063,4.110154002,"31","13"
"species",315,315,101.11349213851,569.703151611534,42.5459962534977,22.48276491,0.467341461,4.201983318,"32","11"
"species",316,316,106.73703701951,550.99495926407,18.3827416742278,2.886409739,0,0,"32","11"
"species",317,317,120.718557820107,863.79800795606,24.0416728745105,85.73030156,10.68918304,12.80077993,"31","18"
"species",318,318,103.135312983677,652.071009778461,35,19.26835612,0,2.261500814,"32","11"
"species",319,319,101.340963705994,987.404522515141,21.5543626648374,3.805132781,6.104597485,2.942990841,"32","11"
"species",320,320,102.006003042439,648.505100687894,34.9327437094443,9.427479435,1.134342162,3.001059547,"32","13"
"species",321,321,112.645922486989,747.440814252271,26.5853062488268,36.25939668,6.648445301,2.712137721,"31","13"
"species",322,322,105.593995737818,709.860554376274,30.116849061798,16.47588281,0.419443553,0,"32","13"
"species",323,323,103.620118650327,645.639390840227,36,19.26835612,0,2.261500814,"32","11"
"species",324,324,103.172919187712,589.788603478596,40.0672209270101,19.26835612,0,2.261500814,"31","11"
"species",325,325,117.290686094827,922.88039196963,23.0231044254497,79.89208961,1.335197374,31.0221955,"31","13"
"species",326,326,113.084810204268,931.616816548242,23,93.15894242,5.284939968,55.32488477,"31","13"
"species",327,327,106,569.004806988869,41.9951930111308,19.26835612,0,2.261500814,"31","12"
"species",328,328,117.491862322981,836.52083030796,25,85.73030156,10.68918304,12.80077993,"31","18"
"species",329,329,109.90694895123,807.003614817819,25,3.805132781,6.104597485,2.942990841,"31","13"
"species",330,330,115.233465335697,648.202546890341,33.7715026921702,9.427479435,1.134342162,3.001059547,"31","13"
"species",331,331,99.8156355843929,603.493693550247,39.2892796113285,19.26835612,0,2.261500814,"32","11"
"species",332,332,112.62355770359,790.546663119925,25,36.25939668,6.648445301,2.712137721,"31","18"
"species",333,333,94.1229417241974,788.787845088763,26,8.530747943,3.018622888,1.602894548,"31","11"
"species",334,334,104.789967121286,812.892101056293,27.410344643463,1.500546841,37.81767443,4.921665901,"32","11"
"species",335,335,112.33181595671,868.200560817542,23.5596839750899,20.2554799,15.6438953,4.679748147,"32","18"
"species",336,336,102.98407333997,614.014319482801,38,19.26835612,0,2.261500814,"32","13"
"species",337,337,117.464280861214,1845.6416276322,24.0217340073697,43.43858521,0,4.049319371,"32","11"
"species",338,338,120.225903780072,1222,24,0,187.9687429,24.82627627,"31","11"
"species",339,339,116.481946375984,913.770099010761,23,79.89208961,1.335197374,31.0221955,"31","12"
"species",340,340,114.44358501017,698.567245220383,30,36.25939668,6.648445301,2.712137721,"31","12"
"species",341,341,116.910112143398,762.908702178044,27,56.44604547,5.437898015,4.380325628,"31","18"
"species",342,342,122.282053467318,986.752393922138,22.7185952051183,28.2697902,2.827400105,6.979690234,"31","13"
"species",343,343,100.771255144002,629.897866222057,37,19.26835612,0,2.261500814,"32","11"
"species",344,344,102.876012152643,960.960571379143,21.7091458829464,3.805132781,6.104597485,2.942990841,"32","11"
"species",345,345,112.071379904899,713.703146466285,30,16.47588281,0.419443553,0,"31","11"
"species",346,346,95.4376861876576,640.857820471249,37.4839375971938,19.26835612,0,2.261500814,"32","11"
"species",347,347,85.0235845449555,818.689848582614,26,8.530747943,3.018622888,1.602894548,"32","11"
"species",348,348,80.7034812404656,860.492286624857,25.34826731689,3.805132781,6.104597485,2.942990841,"32","11"
"species",349,349,97.0549719114216,747.626940170704,29,36.25939668,6.648445301,2.712137721,"32","13"
"species",350,350,122.941226931504,967.000489874973,23,93.15894242,5.284939968,55.32488477,"31","12"
"species",351,351,105.128397446019,933.315951172236,22.3962392089645,3.805132781,6.104597485,2.942990841,"32","11"
"species",352,352,89.11268523893,890.942647362677,25.4071330918719,1.500546841,37.81767443,4.921665901,"33","11"
"species",353,353,115.729717806335,569.270282193665,46,15.86785116,0,1.845755321,"31","13"
"species",354,354,109.540437845473,1227.41882816531,21,107.5650526,2.431337072,17.86445891,"31","11"
"species",355,355,112.139324147498,1078.23821424282,30.577527947528,42.02991678,0,0,"31","18"
"species",356,356,101.900629540198,642.147867235711,36,9.427479435,1.134342162,3.001059547,"32","12"
"species",357,357,101.855166994429,655.308796139981,34.6409336550016,9.427479435,1.134342162,3.001059547,"32","11"
"species",358,358,104.372473029956,693.622889248916,30.5378164921245,36.25939668,6.648445301,2.712137721,"32","11"
"species",359,359,103.136857578459,686.405565668649,31,36.25939668,6.648445301,2.712137721,"31","12"
"species",360,360,99.4491424911281,649.853735380699,35.0619949092612,9.427479435,1.134342162,3.001059547,"32","11"
"species",361,361,98.4916654138674,632.857996107321,37.5471897501653,19.26835612,0,2.261500814,"32","11"
"species",362,362,111.840305919943,978.36075559811,22,93.15894242,5.284939968,55.32488477,"31","12"
"species",363,363,120.767362638002,769.170121642622,26.4515747180552,56.44604547,5.437898015,4.380325628,"31","13"
"species",364,364,101.244934841211,720.352763005831,30.0913662205715,16.47588281,0.419443553,0,"32","11"
"species",365,365,123.785769662217,870.544441743031,24.4350795558691,85.73030156,10.68918304,12.80077993,"31","12"
"species",366,366,104.305702728203,593.710155205928,41.0103431512421,23.67677851,4.092707338,3.811278357,"31","13"
"species",367,367,99.7626591952097,917.683678045704,21.9997986332971,1.511478024,28.4208772,5.099162657,"32","11"
"species",368,368,93.5663336123973,621.90640582747,38.9606050466777,9.427479435,1.134342162,3.001059547,"33","11"
"species",369,369,127.609820524533,1820.31717861846,26,13.38493118,0.319248251,0,"31","13"
"species",370,370,115.145909996246,720.512763168071,28,36.25939668,6.648445301,2.712137721,"31","13"
"species",371,371,105.980491164314,582.19187330194,41,19.26835612,0,2.261500814,"31","12"
"species",372,372,138.549173474009,777.302328646765,27.7210485494752,45.5486725,2.225169257,8.847710058,"31","13"
"species",373,373,99.4946843707246,764.498603399291,27.0694615550511,17.05337136,2.297010785,3.05847174,"32","11"
"species",374,374,100.616928302894,631.149215091318,37,19.26835612,0,2.261500814,"32","13"
"species",375,375,113.204501249513,802.525741815337,25,20.2554799,15.6438953,4.679748147,"31","13"
"species",376,376,111.514226124421,743.131410855611,26.3621904072153,36.25939668,6.648445301,2.712137721,"31","13"
"species",377,377,116.714677841335,881.670987037058,23.2648589357644,91.59537109,0.841762109,20.5676583,"31","12"
"species",378,378,101.945097284042,619.230105817145,38,19.26835612,0,2.261500814,"32","11"
"species",379,379,116.937300126191,915.99243912806,23.8417078503732,85.73030156,10.68918304,12.80077993,"31","13"
"species",380,380,94.6614850185982,863.593621372115,24,3.805132781,6.104597485,2.942990841,"32","11"
"species",381,381,85.748780494899,873.636177067036,24,3.805132781,6.104597485,2.942990841,"32","11"
"species",382,382,89.714866713519,860.321788521442,24,3.805132781,6.104597485,2.942990841,"32","13"
"species",383,383,84.9406958653346,865.071768093731,24,3.805132781,6.104597485,2.942990841,"32","11"
"species",384,384,80.1512896483158,875.466851266668,24.4539465982292,3.805132781,6.104597485,2.942990841,"32","11"
"species",385,385,93.4628331344246,868.660563656809,24,3.805132781,6.104597485,2.942990841,"32","11"
"species",386,386,89.4004274810938,851.502079804425,24.0936249963598,3.805132781,6.104597485,2.942990841,"32","11"
"species",387,387,87.5705853001161,822.970863781217,24.7096961418327,8.668212291,6.222763537,0.879907196,"32","11"
"species",388,388,97.8519881359185,720.129743737915,31.8036536252333,8.530747943,3.018622888,1.602894548,"32","11"
"species",389,389,91.8955482007039,900.003687242296,22.843525231791,1.511478024,28.4208772,5.099162657,"32","11"
"species",390,390,87.3677980453757,935.441813444289,21.6783732596079,1.511478024,28.4208772,5.099162657,"32","13"
"species",391,391,86.0814749850348,932.582777983103,21.6927137915139,1.511478024,28.4208772,5.099162657,"32","11"
"species",392,392,95.8710496340756,928.629455604617,22,1.511478024,28.4208772,5.099162657,"32","11"
"species",393,393,102.365944428016,911.437793343724,22.4088317370906,1.511478024,28.4208772,5.099162657,"32","13"
"species",394,394,95.1409077630142,834.401912489158,25.5376438425302,1.500546841,37.81767443,4.921665901,"32","11"
"species",395,395,122.427048576112,692.940944650026,35.0430988354358,57.6378679,5.623193259,2.560358706,"31","12"
"species",396,396,122.327026511364,640.43140764935,36.5616075217412,42.74220442,4.374857889,2.362380532,"31","13"
"species",397,397,125.915855547917,824.684296247898,26,45.5486725,2.225169257,8.847710058,"31","12"
"species",398,398,125.959351789111,754.2344402172,31,40.50443511,6.059374237,17.46115839,"31","13"
"species",399,399,105.783053984838,1232.09056684287,26.8494535517294,17.92001038,0,0,"32","13"
"species",400,400,119.277762101158,1036.17273307227,29.6388810505792,42.02991678,0,0,"31","11"
"species",401,401,108.700426001281,508.299573998719,22,3.034265705,0,0,"32","11"
"species",402,402,108.942685293347,490.764333626244,25.5923895062858,5.425111395,0,0,"32","13"
"species",403,403,101.064230540788,814.220634277243,26.0154578958853,36.74382779,0,0,"32","13"
"species",404,404,100.348601982488,498.497869070247,26.3654044407959,5.425111395,0,0,"32","13"
"species",405,405,101.413295444814,519.195790815007,25.811019205192,5.425111395,0,0,"32","13"
"species",406,406,102.799645020968,830.424985637295,26.5489240332794,36.74382779,0,0,"32","13"
"species",407,407,94.2427319308592,860.583819588725,24.3410876578655,10.08373274,0,0,"32","11"
"species",408,408,107.834115150791,541.739742663432,18.6634045803861,2.886409739,0,0,"32","11"
"species",409,409,105.291496939123,1139.64353656504,29.3616963440166,42.02991678,0,0,"32","11"
"species",410,410,107.831005651773,1215.06473654555,28.6103352172576,14.26708678,0,0,"32","11"
"species",411,411,95.7252468738915,1280.02929497843,27.4001948398186,14.26708678,0,0,"32","18"
"species",412,412,106.558313781498,1278.20843109251,27.779156890749,22.83918448,0,0,"32","11"
"species",413,413,107.027054377325,1020.01802374663,26.5158532696969,43.41047507,0,0,"32","13"
"species",414,414,86.9509584942833,767.436498618947,22.1356862908697,8.071086698,0,0,"32","11"
"species",415,415,107.982614615947,1122.34137305206,29.7032570526634,42.02991678,0,0,"32","13"
"species",416,416,106.82503713229,692.347397319465,30.7036010841663,15.18059091,10.12129437,2.839168888,"33","11"
"species",417,417,104.979434412103,690.865546776808,32.1692082930162,19.78270079,2.456852267,1.857717786,"31","12"
"species",418,418,107.473053842805,1110.0708399637,25.9876851116389,12.5989442,0,0,"32","18"
"species",419,419,109.98211882321,1155.77435741981,29,28.93422306,0,0,"31","11"
"species",420,420,109.79315876089,1096.61412090435,26.8472187601619,19.44969093,0,0,"32","18"
"species",421,421,113.577499342268,1102.33400005461,28.9471874177835,17.92001038,0,0,"32","18"
"species",422,422,111.071370383765,1107.41769289025,27.8040721392713,17.92001038,0,0,"31","11"
"species",423,423,119.05190991485,1073.19691864581,29,17.92001038,0,0,"31","13"
"species",424,424,109.963786714536,1154.18311548419,27.7573876979965,17.92001038,0,0,"32","11"
"species",425,425,115.147572874285,1118.19775133937,28.3308914821364,17.92001038,0,0,"32","18"
"species",426,426,106.394121430738,1130.4589943249,29.5075544130354,42.02991678,0,0,"32","11"
"species",427,427,104,926,28,10.08373274,0,0,"32","13"
"species",428,428,103.773878564052,536.825519050045,23.116895464578,3.721849252,0,0,"32","11"
"species",429,429,103.039928267859,801.866905773804,27,36.74382779,0,0,"32","13"
"species",430,430,102.94585652353,830.632897088977,27.3856512105646,36.74382779,0,0,"32","13"
"species",431,431,105.378447053928,512.508030405262,21.823437379486,3.034265705,0,0,"32","11"
"species",432,432,101.97292187755,1242.54531279414,26.9831587170889,19.8609975,0,0,"32","13"
"species",433,433,96.2524821491574,788.116312477949,25,8.071086698,0,0,"32","11"
"species",434,434,100.455565156663,1181.33002836155,26,42.2603438,0,0,"31","13"
"species",435,435,97.9897406611244,859.525648347189,25,65.50557477,0,0,"32","11"
"species",436,436,116.930556833813,2131.9471740977,25.0430591611509,50.21721228,0,22.87077312,"32","11"
"species",437,437,94.4671145652487,853.846979845789,27.0607901442009,15.11043496,1.843373575,0.778437432,"32","11"
"species",438,438,102.768220529102,681.276966177398,29.4947347810583,15.18059091,10.12129437,2.839168888,"31","11"
"species",439,439,110.708387330399,656.418113710858,34,37.26472623,6.826104475,2.178108487,"31","12"
"species",440,440,104.011861214488,674.375108078847,32.9208354243963,21.44220167,7.391513063,4.110154002,"32","11"
"species",441,441,101.282735412176,684.330287868545,31,15.18059091,10.12129437,2.839168888,"31","12"
"species",442,442,90.5791948490565,744.271412615534,28.7460356952732,15.18059091,10.12129437,2.839168888,"32","11"
"species",443,443,105.768334548602,667.232720008462,32,15.18059091,10.12129437,2.839168888,"31","12"
"species",444,444,115.336620654142,573.499625148434,40.3295275346073,17.05337136,2.297010785,3.05847174,"31","11"
"species",445,445,101.851789086917,571.820450628206,43.5741054565416,22.48276491,0.467341461,4.201983318,"32","11"
"species",446,446,143.510991675873,764.027420411608,27,44.05497245,6.614368484,22.79335791,"31","18"
"species",447,447,74.9426577170573,974.193316246008,21,1.511478024,28.4208772,5.099162657,"32","11"
"species",448,448,97.3045496950638,917.45425403391,22,1.511478024,28.4208772,5.099162657,"32","13"
"species",449,449,103.134032894988,679.871652153437,31.2888100528432,15.18059091,10.12129437,2.839168888,"31","12"
"species",450,450,126,2084.95483248243,26,50.21721228,0,22.87077312,"32","11"
"species",451,451,114.539987517762,654.17553482128,32,21.44220167,7.391513063,4.110154002,"31","12"
"species",452,452,139.486168132651,774.073356040622,27,45.5486725,2.225169257,8.847710058,"31","13"
"species",453,453,87.0666520506905,1002.55224976434,24.8295392000142,8.6820767,1.920838358,0.711016946,"32","11"
"species",454,454,121.204193642223,1074.76425751405,25,49.72442573,29.87064129,31.727145,"31","11"
"species",455,455,96.0786881376509,1384.03346670908,26.5994850750393,6.193128294,1.270061486,0,"32","11"
"species",456,456,138.600423467821,780.596581255974,27,45.5486725,2.225169257,8.847710058,"31","13"
"species",457,457,86.3605398652631,884.440733256642,26.1918312015984,15.11043496,1.843373575,0.778437432,"32","11"
"species",458,458,113.143479459619,789.505952675897,29,36.46809388,3.943634702,0,"31","11"
"species",459,459,138.794476090508,781.559751940884,27,44.05497245,6.614368484,22.79335791,"31","13"
"species",460,460,139.975942607085,805.225899737466,26,56.43464358,0,18.91236981,"31","13"
"species",461,461,107.231229537422,678.397243709969,35,22.8350614,3.61248928,2.639437029,"33","12"
"species",462,462,130.971379881966,625.911963766898,38.2363560627347,47.04794055,7.578866015,6.142455744,"31","18"
"species",463,463,116.410610610481,652.428251224678,38,44.38970266,3.205442272,3.681773963,"31","11"
"species",464,464,107.243383021261,695.106885091841,30.6454552689139,15.18059091,10.12129437,2.839168888,"31","12"
"species",465,465,117.201447623568,645.199477558103,38.7926751084435,47.04794055,7.578866015,6.142455744,"31","13"
"species",466,466,87.9368997700065,730.455658689768,27.5509875156678,5.868740568,7.061298869,1.142570777,"32","13"
"species",467,467,114.979343561369,1063.04131287726,30,42.02991678,0,0,"32","11"
"species",468,468,99.2060257331568,1914.27345748476,25.5390879061856,9.794170144,0,0,"32","11"
"species",469,469,137.147269893466,708.234256116279,31.0026634487047,61.71447547,2.220604501,25.05913131,"31","18"
"species",470,470,109.462106824164,671.741440290462,35.2667219189714,22.8350614,3.61248928,2.639437029,"31","13"
"species",471,471,104.504933949183,674.429053751769,31.7132058700892,15.18059091,10.12129437,2.839168888,"31","11"
"species",472,472,104.866925605792,708,36,47.04794055,7.578866015,6.142455744,"31","11"
"species",473,473,111.520514099096,658.500223621803,32,21.44220167,7.391513063,4.110154002,"31","13"
"species",474,474,92.602453548991,734.393891266091,29.204935784716,15.18059091,10.12129437,2.839168888,"33","11"
"species",475,475,108.212407755207,1110.3843532636,26.259652736351,17.27731644,0,0,"32","13"
"species",476,476,114,1052.62665988788,27,19.44969093,0,0,"33","12"
"species",477,477,106.622539587414,667.276960721741,32,15.18059091,10.12129437,2.839168888,"31","12"
"species",478,478,100.837184396394,682.380505053698,35.1697425501219,37.06402126,6.487973454,3.397277381,"31","18"
"species",479,479,93.4711156025056,655.06648843663,39.4308756011475,37.06402126,6.487973454,3.397277381,"33","11"
"species",480,480,108.261249038998,673.419388429132,35.1306245194992,22.8350614,3.61248928,2.639437029,"31","12"
"species",481,481,117.684050763045,2161.8047616915,25,39.0447737,0.063370397,0,"31","11"
"species",482,482,94.8882407826948,940.579147442898,22,20.2554799,15.6438953,4.679748147,"32","11"
"species",483,483,112.887428122438,653.550559014064,32.9069487160009,21.44220167,7.391513063,4.110154002,"31","12"
"species",484,484,145.2991889042,776.194390311079,27.0937731857276,36.73246483,7.237559382,26.88021893,"31","18"
"species",485,485,96.5163019369577,855.240245680343,24,3.805132781,6.104597485,2.942990841,"32","11"
"species",486,486,136.671940461514,781.312423821099,27.0504946514884,45.5486725,2.225169257,8.847710058,"31","13"
"species",487,487,111.027541698566,576.96434633531,46,15.86785116,0,1.845755321,"31","13"
"species",488,488,107.726048668061,688.234958105798,30.0826208219961,15.18059091,10.12129437,2.839168888,"31","13"
"species",489,489,104.905978880515,680.050344718876,30,15.18059091,10.12129437,2.839168888,"31","12"
"species",490,490,106.424410681801,1181.85720516794,28.8863813494608,42.02991678,0,0,"32","11"
"species",491,491,110.727702342584,1086.72348206557,26.9701855415428,19.44969093,0,0,"32","18"
"species",492,492,78.8537914498075,872.127386299527,24.9808068529464,3.805132781,6.104597485,2.942990841,"32","11"
"species",493,493,107.787724424303,675.708932365542,31.6491937977581,21.44220167,7.391513063,4.110154002,"31","12"
"species",494,494,106.059334457558,671.881331084883,30.0148336143896,15.18059091,10.12129437,2.839168888,"31","12"
"species",495,495,107.123080574245,669.001496719926,32.9718236440583,21.44220167,7.391513063,4.110154002,"31","12"
"species",496,496,94.6117407996982,716.998784722457,33,37.26472623,6.826104475,2.178108487,"31","11"
"species",497,497,108.406694967622,671.222331228318,34.6415185164675,22.8350614,3.61248928,2.639437029,"31","13"
"species",498,498,120.516026540345,644.270685852792,36.8767188145098,44.38970266,3.205442272,3.681773963,"31","12"
"species",499,499,94.101457229006,730.036925078507,33.5413443999877,44.38970266,3.205442272,3.681773963,"32","11"
"species",500,500,103.469572978371,1484.40114564975,27.4837942969073,30.01367568,0,0,"32","11"
"species",501,501,98.3322003085578,685.887655391548,31.5578202955004,15.18059091,10.12129437,2.839168888,"31","12"
"species",502,502,103.865551562156,692.986089661915,34.2972858175407,44.38970266,3.205442272,3.681773963,"31","13"
"species",503,503,109.765895515098,1152.64505948326,28.651462528388,17.92001038,0,0,"32","13"
"species",504,504,115.991732892062,1143.01693967811,30,17.92001038,0,0,"32","18"
"species",505,505,106.652674181758,1158.63089672659,27.9608996557641,17.92001038,0,0,"32","18"
"species",506,506,111.738436625752,953.924194911364,27.7080663387379,23.84674571,8.804251692,2.249154622,"31","13"
"species",507,507,105.941626574552,690.009054477952,31,15.18059091,10.12129437,2.839168888,"31","12"
"species",508,508,85.488969264839,762.148596859957,28.5053820680798,15.18059091,10.12129437,2.839168888,"32","11"
"species",509,509,108.032159934137,1060.87094511249,25.306469842213,13.77212177,0,0,"32","13"
"species",510,510,115.612462450185,1034.76744203296,27.1493587818644,13.77212177,0,0,"32","18"
"species",511,511,99.3900968238665,690.178502691211,30.4747501702186,15.18059091,10.12129437,2.839168888,"33","12"
"species",512,512,100.867106276393,679.501999304347,31.51478779504,15.18059091,10.12129437,2.839168888,"31","12"
"species",513,513,103.889649947917,675.621440337667,31.131746192813,15.18059091,10.12129437,2.839168888,"31","12"
"species",514,514,103.985229488909,701.472154213602,35.2616416082501,44.38970266,3.205442272,3.681773963,"31","12"
"species",515,515,113.830123815379,1069.56972293476,27,19.44969093,0,0,"32","13"
"species",516,516,106.516770032344,689.106625609336,34.0638488532616,42.74220442,4.374857889,2.362380532,"31","12"
"species",517,517,107.045046917452,695.663388541838,35.2178938866915,44.38970266,3.205442272,3.681773963,"31","12"
"species",518,518,98,590.334111375243,40,22.48276491,0.467341461,4.201983318,"32","11"
"species",519,519,102.86184752801,680.575399647264,31,15.18059091,10.12129437,2.839168888,"31","12"
"species",520,520,97.0483358417664,714.567604704579,30,15.18059091,10.12129437,2.839168888,"31","12"
"species",521,521,106.471890604177,703.58432818747,36,47.04794055,7.578866015,6.142455744,"31","11"
"species",522,522,111.569189487565,688.202010700746,36.4969796216684,47.04794055,7.578866015,6.142455744,"31","12"
"species",523,523,92.1148409404739,748.668942637265,33.0256612798321,57.6378679,5.623193259,2.560358706,"32","11"
"species",524,524,135.980504580484,811.591875288124,27,25.95802664,0,9.768812952,"31","18"
"species",525,525,108.91283055319,1150.10494984595,29.8066326839942,42.02991678,0,0,"32","11"
"species",526,526,120.260422288418,649.781771776218,38,47.04794055,7.578866015,6.142455744,"31","18"
"species",527,527,92.2659797936887,706.238223213441,30.9624105574774,15.18059091,10.12129437,2.839168888,"32","11"
"species",528,528,115.883293352221,845.334857651123,28.6229528900017,17.16661537,6.598909338,2.863393877,"31","13"
"species",529,529,97.9423416633402,709.364631987513,30,15.18059091,10.12129437,2.839168888,"31","12"
"species",530,530,114.001493090225,835.699414338313,25,85.73030156,10.68918304,12.80077993,"31","13"
"species",531,531,112.298784407088,812.899963463631,25.7279881354635,56.44604547,5.437898015,4.380325628,"31","13"
"species",532,532,112.242705315635,889.572026776705,23,79.89208961,1.335197374,31.0221955,"31","13"
"species",533,533,102.068604677745,562.549659198707,42.9036457597927,22.48276491,0.467341461,4.201983318,"32","11"
"species",534,534,99.8842468403093,743.483933701021,33.9421234201547,59.78025783,2.347089158,0,"31","11"
"species",535,535,95.4391627363672,956.361126062778,25.2172732056396,17.16661537,6.598909338,2.863393877,"31","12"
"species",536,536,138.477443960651,777.953882495466,27,45.5486725,2.225169257,8.847710058,"31","13"
"species",537,537,126.08420124497,822.188930541677,26.2383177996922,45.5486725,2.225169257,8.847710058,"31","12"
"species",538,538,100.677973700418,689.690695566364,31.0136186035727,15.18059091,10.12129437,2.839168888,"31","12"
"species",539,539,102.20110879739,679.846485645215,31.4338282408733,15.18059091,10.12129437,2.839168888,"31","12"
"species",540,540,104.928816927085,729.175144425009,31.6156187230184,42.42947395,12.44942108,0,"31","12"
"species",541,541,100.190364469209,683.327948399636,31.329549869739,15.18059091,10.12129437,2.839168888,"31","12"
"species",542,542,101.063553081321,797.320505373695,28.7460683863069,19.89450268,3.837507078,0,"32","11"
"species",543,543,103.981807351294,710.236126821551,35.940806747199,47.04794055,7.578866015,6.142455744,"31","11"
"species",544,544,100.814456582068,727.904841180481,33.8602084004258,59.78025783,2.347089158,0,"31","12"
"species",545,545,105.970173504792,719.033896594967,34.2213181974086,59.78025783,2.347089158,0,"31","12"
"species",546,546,105.166176554859,665.717524599167,34,22.26715578,3.082914392,2.747739378,"33","11"
"species",547,547,120.687498004044,684.736675507359,36.0490058949246,59.78025783,2.347089158,0,"31","12"
"species",548,548,100.981641646601,1087.26487012181,25.2720161446912,42.02991678,0,0,"33","11"
"species",549,549,98.5550638140145,738.31830446581,31.9063764641179,42.42947395,12.44942108,0,"31","11"
"species",550,550,107.892245919877,664.632792490038,31.7252635362269,15.18059091,10.12129437,2.839168888,"31","13"
"species",551,551,100.487879984876,681.150816186368,31,15.18059091,10.12129437,2.839168888,"31","12"
"species",552,552,101.093838940816,1084.88338326669,24.4881564752803,19.44969093,0,0,"32","12"
"species",553,553,94.5330801678423,745.96746599043,29.9315380009147,21.44220167,7.391513063,4.110154002,"31","11"
"species",554,554,122.864223276947,982.562051926201,23,28.2697902,2.827400105,6.979690234,"31","13"
"species",555,555,112.470420855934,657.46026829269,32.0175837418402,21.44220167,7.391513063,4.110154002,"31","13"
"species",556,556,113.16869489779,659.759052255159,34.2847623816037,42.74220442,4.374857889,2.362380532,"31","12"
"species",557,557,108.6044026574,674.022375692158,34.0303901406595,44.32803191,13.33544072,0,"31","12"
"species",558,558,118.910162010779,643.323304801768,38.9281855883364,47.04794055,7.578866015,6.142455744,"31","13"
"species",559,559,109.218566842134,713.475920920852,34.498873121056,59.78025783,2.347089158,0,"31","12"
"species",560,560,97.0203538436788,1100.00564735484,24.4666455570625,42.02991678,0,0,"32","12"
"species",561,561,108.729735516078,619.078260288267,39.3662006143857,38.865594,2.40851599,1.001091991,"31","13"
"species",562,562,106.128767385174,715.128627242302,34.3663028631757,59.78025783,2.347089158,0,"31","11"
"species",563,563,99.1626365815557,818.668320167453,25.9107056844767,3.805132781,6.104597485,2.942990841,"32","11"
"species",564,564,109.070948155498,703.127480863903,35,59.78025783,2.347089158,0,"31","12"
"species",565,565,95.8245992764448,705.37032822298,30.2558074855375,15.18059091,10.12129437,2.839168888,"31","12"
"species",566,566,104.976780267652,671.90492059777,31.1020024346868,15.18059091,10.12129437,2.839168888,"31","12"
"species",567,567,93.9282400934593,760.626875610097,29.7593692085112,12.86835577,7.555277427,0,"32","11"
"species",568,568,105.182217427894,705.891862616287,36,47.04794055,7.578866015,6.142455744,"31","12"
"species",569,569,125.994796833102,2532.32807074222,33,0,90.43422982,0,"32","11"
"species",570,570,92.5452592261677,950.578678968278,25.9069940202401,8.6820767,1.920838358,0.711016946,"32","11"
"species",571,571,89.595395980367,975.737921442099,25.0729396152931,8.6820767,1.920838358,0.711016946,"32","11"
"species",572,572,108.827553189774,975.916480526295,21,28.2697902,2.827400105,6.979690234,"31","13"
"species",573,573,93.1361785670555,752.290854164934,33.0680892835277,59.78025783,2.347089158,0,"32","11"
"species",574,574,96.7421483740466,691.813000163186,30.9950693393343,15.18059091,10.12129437,2.839168888,"31","12"
"species",575,575,122.68128198413,841.678273651355,25.2873511976657,45.5486725,2.225169257,8.847710058,"31","18"
"species",576,576,133.312521415263,689.356380372246,34,84.29103591,2.929292738,35.87541889,"31","13"
"species",577,577,103.812670367366,690.754590474001,35.0122885929343,44.38970266,3.205442272,3.681773963,"31","13"
"species",578,578,113.166446095662,1057.96093836527,26.2218593666593,19.44969093,0,0,"32","18"
"species",579,579,115.501929670101,666.535697156021,30.3921014214881,15.18059091,10.12129437,2.839168888,"31","13"
"species",580,580,87.3356188331972,772.199819868915,27.4071196146848,15.18059091,10.12129437,2.839168888,"32","11"
"species",581,581,112.118253248246,655.315701883779,32.5595392528838,21.44220167,7.391513063,4.110154002,"31","12"
"species",582,582,99.7149627086171,689.183557248016,30.8425704327458,15.18059091,10.12129437,2.839168888,"31","12"
"species",583,583,109.631177333335,878.639956521868,27.2933022956253,17.16661537,6.598909338,2.863393877,"31","13"
"species",584,584,104.220216296295,675.938621934205,31.484618970162,15.18059091,10.12129437,2.839168888,"31","12"
"species",585,585,115.045658456046,714.57016078118,27.9848739513726,8.530747943,3.018622888,1.602894548,"31","13"
"species",586,586,115.582598639934,681.282288458412,36.688364628676,57.6378679,5.623193259,2.560358706,"31","13"
"species",587,587,112.608933836506,660.942383138406,38.0320501622835,48.78817438,0,15.67726787,"31","12"
"species",588,588,99.5010604865725,689.742182232547,30.8568348279305,15.18059091,10.12129437,2.839168888,"31","12"
"species",589,589,103.009141597535,677.22845984488,31.0471461530274,15.18059091,10.12129437,2.839168888,"31","12"
"species",590,590,111.885222649984,1081.00673452142,30.2065616605508,42.02991678,0,0,"31","18"
"species",591,591,95.1288897761972,707.7340385376,30.6502589100233,15.18059091,10.12129437,2.839168888,"31","12"
"species",592,592,106.017547726754,1017.19082629313,22,58.88308771,70.57635392,4.485605801,"31","12"
"species",593,593,108.493509662827,1088.70128179826,28,42.02991678,0,0,"32","11"
"species",594,594,142.141418955021,766.335202195894,27.3992735978986,45.5486725,2.225169257,8.847710058,"31","13"
"species",595,595,104.086553400079,1135.83665056373,29.0401413509383,42.02991678,0,0,"32","13"
"species",596,596,98.1798648495686,707.518129581334,30,15.18059091,10.12129437,2.839168888,"33","12"
"species",597,597,102.222394278989,796.903905246617,28.9746654861116,19.89450268,3.837507078,0,"32","13"
"species",598,598,114.063307350613,670.58935509503,30.8675109541381,15.18059091,10.12129437,2.839168888,"32","13"
"species",599,599,94.5990141438263,741.775609732056,30.0719819178515,44.32803191,13.33544072,0,"32","11"
"species",600,600,121.985689888382,633.837001804602,38.9839750410363,47.04794055,7.578866015,6.142455744,"31","18"
"species",601,601,111.880795401417,667.822695549451,31.7310087485308,21.44220167,7.391513063,4.110154002,"32","13"
"species",602,602,109.847971214425,659.889943469525,32.4279290364716,21.44220167,7.391513063,4.110154002,"31","12"
"species",603,603,98.2347417057444,727.841890514859,34.0612157994081,57.6378679,5.623193259,2.560358706,"32","11"
"species",604,604,104.011656474467,596.432835732843,33.0016652106382,5.868740568,7.061298869,1.142570777,"31","13"
"species",605,605,94.1829816000104,743.071328600611,33.7663307399057,57.6378679,5.623193259,2.560358706,"32","11"
"species",606,606,109.329978590579,712.240478102409,34.860325413698,59.78025783,2.347089158,0,"33","11"
"species",607,607,113.121855006251,655.512668370533,32,21.44220167,7.391513063,4.110154002,"31","13"
"species",608,608,101.343180994186,693.9665476087,30.5613707878811,15.18059091,10.12129437,2.839168888,"31","11"
"species",609,609,106.470400490832,703.229088804506,36,47.04794055,7.578866015,6.142455744,"31","12"
"species",610,610,111.725739665218,704.261703738761,35,59.78025783,2.347089158,0,"31","12"
"species",611,611,116.678989066388,698.737223161336,35.2323694889464,57.6378679,5.623193259,2.560358706,"31","12"
"species",612,612,103.983285530927,690.112906969321,30,15.18059091,10.12129437,2.839168888,"31","12"
"species",613,613,98.5161220684496,1134.14606433956,24.1153714081759,12.5989442,0,0,"32","11"
"species",614,614,109.259660232825,667.330042163599,32.1958326726795,21.44220167,7.391513063,4.110154002,"31","13"
"species",615,615,93.9912633694685,701.617099102942,30.7905114809914,15.18059091,10.12129437,2.839168888,"33","11"
"species",616,616,111.700295152397,681.959679631003,31.1937426869134,15.18059091,10.12129437,2.839168888,"32","11"
"species",617,617,120.514354330007,644.288133071513,35.4155980307673,42.74220442,4.374857889,2.362380532,"31","12"
"species",618,618,112.847221972721,699.246498624392,33.5396322368794,42.42947395,12.44942108,0,"31","18"
"species",619,619,100.3302164129,551.438665106999,45,24.2414336,2.889287827,3.848637854,"32","11"
"species",620,620,91.7731558627781,738.104357085431,32.5949277622266,44.38970266,3.205442272,3.681773963,"32","11"
"species",621,621,101.017639373291,730.029735867062,34.00175005512,59.78025783,2.347089158,0,"31","12"
"species",622,622,99.6132676629491,687.985112493867,32.8860631663848,22.26715578,3.082914392,2.747739378,"32","11"
"species",623,623,105.983456997704,694.338250992426,34.4946356656609,42.74220442,4.374857889,2.362380532,"31","12"
"species",624,624,99.6028250285683,704.105346524371,32.8481435578821,37.26472623,6.826104475,2.178108487,"31","11"
"species",625,625,97.4401494355342,1213.01565373703,26.6797337619009,42.02991678,0,0,"32","11"
"species",626,626,99.4333709054537,1217.07374334206,27.6704841460224,42.02991678,0,0,"32","11"
"species",627,627,105,884.710576439964,28.9276441099911,10.08373274,0,0,"32","13"
"species",628,628,115.535159894407,1066.16869978516,30,42.02991678,0,0,"31","18"
"species",629,629,105.283932870381,1040.497759093,25.1192494511049,13.77212177,0,0,"32","12"
"species",630,630,103.795473175273,1046.4091414381,25,13.77212177,0,0,"31","12"
"species",631,631,109.00871916215,1108.50016252949,29,42.02991678,0,0,"32","11"
"species",632,632,103.882454576987,807.724804209516,25,20.2554799,15.6438953,4.679748147,"31","12"
"species",633,633,102.231665714105,820.088173272417,25.1002357803159,3.805132781,6.104597485,2.942990841,"32","11"
"species",634,634,87.5193931849259,859.61596143975,24.6464206597383,3.805132781,6.104597485,2.942990841,"32","11"
"species",635,635,109.04355844688,924.589618216302,22.4029038964586,3.805132781,6.104597485,2.942990841,"32","13"
"species",636,636,112.819884787992,844.181891177466,24,3.805132781,6.104597485,2.942990841,"31","13"
"species",637,637,99.2220779163428,840.318535044857,24.5571750243286,3.805132781,6.104597485,2.942990841,"32","13"
"species",638,638,92.6025498039157,848.581208939227,24.255294264295,3.805132781,6.104597485,2.942990841,"32","13"
"species",639,639,103.389792542169,758.442417096894,32.4481117518382,35.4788309,2.294324006,1.297314748,"31","11"
"species",640,640,98.8966648841923,697.712359005548,33,37.26472623,6.826104475,2.178108487,"32","11"
"species",641,641,95.1855369546438,765.85959921195,27.1058897689186,8.530747943,3.018622888,1.602894548,"32","11"
"species",642,642,88.1983934504922,953.424490964868,21.6238163933856,3.805132781,6.104597485,2.942990841,"32","11"
"species",643,643,92.8968765048397,922.912557814172,22,3.805132781,6.104597485,2.942990841,"32","13"
"species",644,644,94.1266356963971,946.981201924477,22,3.805132781,6.104597485,2.942990841,"32","11"
"species",645,645,93.0101217175382,938.931695210062,22,3.805132781,6.104597485,2.942990841,"32","11"
"species",646,646,102.16995419475,839.487318533506,24,3.805132781,6.104597485,2.942990841,"32","11"
"species",647,647,92.4865185911404,914.895026840048,22,3.805132781,6.104597485,2.942990841,"32","11"
"species",648,648,132.884414113253,610.650579234077,38,42.74220442,4.374857889,2.362380532,"31","18"
"species",649,649,100.641912620489,870.178784224199,26.8179373025278,16.02850254,5.105519101,1.518623386,"33","11"
"species",650,650,89.7953856786676,949.908951398047,25.3475680337613,8.6820767,1.920838358,0.711016946,"32","11"
"species",651,651,152.472381254249,736.675320464456,27.4907535772796,27.53508285,8.568839358,31.79996258,"31","18"
"species",652,652,96.3065990446981,642.140876133467,37.7568436320903,19.26835612,0,2.261500814,"32","11"
"species",653,653,131.235370476195,805.83003720863,26.4326386121744,44.05497245,6.614368484,22.79335791,"31","12"
"species",654,654,100.385962711135,667.612810036651,35,19.26835612,0,2.261500814,"32","13"
"species",655,655,89.9699774242986,885.841844677771,26.5046972951685,15.11043496,1.843373575,0.778437432,"32","11"
"species",656,656,104.769225939967,933.424866317117,28.7526387547405,0.94939165,34.07494816,0,"32","18"
"species",657,657,118.378268398711,2598.2662854615,32,0,90.43422982,0,"31","11"
"species",658,658,96.5694603697053,763.103867683665,29.2867492509322,12.86835577,7.555277427,0,"32","11"
"species",659,659,115.3353404514,629.097700827424,34.7178650630356,9.427479435,1.134342162,3.001059547,"31","13"
"species",660,660,107.599574412298,759.449104829714,26,36.25939668,6.648445301,2.712137721,"33","12"
"species",661,661,96.0671245407633,638.457795465749,37.418829829051,19.26835612,0,2.261500814,"32","11"
"species",662,662,117.58299329079,908.23604567421,23,79.89208961,1.335197374,31.0221955,"31","13"
"species",663,663,100.779980526825,816.803663125136,25.7567464012397,9.095099576,0,0,"32","13"
"species",664,664,101.870951506581,1162.15490706176,26.2456399181899,42.2603438,0,0,"32","13"
"species",665,665,92.8125293478972,924.802596946207,21.8461391736262,1.511478024,28.4208772,5.099162657,"32","11"
"species",666,666,103.501987296349,782.902132155627,25.8901359635146,36.25939668,6.648445301,2.712137721,"31","13"
"species",667,667,93.9764518544357,784.402993723113,26.3790152292053,8.530747943,3.018622888,1.602894548,"32","11"
"species",668,668,92.1497371879824,1389.68961450346,24.990563033389,9.344118737,2.901787862,1.784139695,"32","11"
"species",669,669,102.215957644581,584.669068481685,41,19.26835612,0,2.261500814,"32","13"
"species",670,670,86.1876401970724,814.287745244131,26.2730561874328,8.530747943,3.018622888,1.602894548,"32","11"
"species",671,671,98.61195837459,1535.8044179615,29.4880113610373,1.226989831,3.755907139,0,"32","11"
"species",672,672,94.4461606757368,1368.58374996833,25.2749901657835,9.344118737,2.901787862,1.784139695,"31","11"
"species",673,673,92.1307938476455,1505.83632776564,27.1125618189863,6.193128294,1.270061486,0,"32","11"
"species",674,674,112.897537162827,814.206234776675,28.9192279433938,16.02850254,5.105519101,1.518623386,"31","13"
"species",675,675,106.309178624688,628.471526250494,39.6009378754436,38.865594,2.40851599,1.001091991,"31","13"
"species",676,676,118.439168474591,649.313558784569,36.8042619493532,44.38970266,3.205442272,3.681773963,"31","12"
"species",677,677,104.880708680252,630.180512398434,36.0068818302044,9.427479435,1.134342162,3.001059547,"32","12"
"species",678,678,113.195174651309,777.150242622277,29.9339480902833,16.02850254,5.105519101,1.518623386,"31","12"
"species",679,679,135.551629837324,896.368052785016,29.940068647278,14.15290257,0.291110577,2.920888518,"31","18"
"species",680,680,106.156739520193,1033.68717964084,26.452187205311,23.22393919,2.078638027,1.526065809,"31","11"
"species",681,681,113.59442005064,1025.30760352183,27.7447573127194,23.22393919,2.078638027,1.526065809,"31","12"
"species",682,682,130.871749353261,834.724492166103,30.0691844109804,34.25057033,13.40190923,2.936689407,"31","18"
"species",683,683,137.946852187805,770.216846851143,28.1131901178254,52.77933483,11.57085103,22.39424401,"31","18"
"species",684,684,116.909430268924,745.839154815167,31.3931100954034,15.11043496,1.843373575,0.778437432,"31","12"
"species",685,685,104.532412475018,756.793395337979,30.4022015540069,35.72380336,8.923438758,2.311630946,"31","12"
"species",686,686,144.424063743584,757.099174237645,27.9243864860325,45.5486725,2.225169257,8.847710058,"31","13"
"species",687,687,85.2057546162199,895.599177769095,26.0483252550204,9.943917785,4.164504968,1.157522529,"32","11"
"species",688,688,112.984387034237,717.90818848758,31.9895700203276,35.72380336,8.923438758,2.311630946,"31","12"
"species",689,689,145.152773704363,710.470651171907,31.4513182429986,42.48931168,5.157733352,4.921958628,"31","18"
"species",690,690,97.8010947490741,832.232607675505,28,9.943917785,4.164504968,1.157522529,"33","12"
"species",691,691,96.3542526443192,824.328144730212,28.0455539478096,9.943917785,4.164504968,1.157522529,"31","13"
"species",692,692,73.4156968748241,920.029040757944,24.8150066355906,12.86835577,7.555277427,0,"32","11"
"species",693,693,145.475111132719,753.350120927845,27.9450296328577,47.98495095,9.125587817,25.0920897,"31","13"
"species",694,694,141.667625983754,764.862575833767,27.5565989445225,47.98495095,9.125587817,25.0920897,"31","18"
"species",695,695,150.441483112731,723.620511192092,30.1379488807908,43.09401964,3.291684299,11.34326558,"31","18"
"species",696,696,129.803586708334,828.605443205169,25.5319202904977,45.5486725,2.225169257,8.847710058,"31","13"
"species",697,697,102.434882149042,701.313723224183,34,22.26715578,3.082914392,2.747739378,"32","11"
"species",698,698,132.862939406215,676.181737992691,35,84.29103591,2.929292738,35.87541889,"31","18"
"species",699,699,104.700474160517,708.81646153545,35.2240075701586,57.6378679,5.623193259,2.560358706,"31","12"
"species",700,700,116.588127391038,715.224677427331,35,57.6378679,5.623193259,2.560358706,"31","13"
"species",701,701,93.3068502301354,728.614451778303,33.470223570235,44.38970266,3.205442272,3.681773963,"31","12"
"species",702,702,105.703778784806,697.850460395317,36.1205015789128,44.38970266,3.205442272,3.681773963,"31","12"
"species",703,703,114.062971240623,678.975213413681,35.7171568759456,59.78025783,2.347089158,0,"31","13"
"species",704,704,124.487109306703,673.680501290219,35.4952824759215,35.4788309,2.294324006,1.297314748,"31","12"
"species",705,705,131.894350929939,759.530064020578,30,40.50443511,6.059374237,17.46115839,"31","18"
"species",706,706,139.911152406692,602.18634836758,38.4498472835993,73.34505261,0.606095319,10.79659412,"31","18"
"species",707,707,138.058654521522,614.096985391499,38,73.34505261,0.606095319,10.79659412,"31","18"
"species",708,708,140.707975861611,612.345417103594,37.107743425615,73.34505261,0.606095319,10.79659412,"31","18"
"species",709,709,100.236185042927,567.012993186666,44,17.05337136,2.297010785,3.05847174,"31","11"
"species",710,710,132.300819785818,680.329876653885,34,61.31960558,1.088210293,17.01928901,"31","18"
"species",711,711,143.704866965469,798.24488885283,27,23.87814493,0,26.38952649,"31","18"
"species",712,712,135.856845032875,804.31053454455,27,25.95802664,0,9.768812952,"31","13"
"species",713,713,114.561125519483,1307.09148086471,27.9453960628785,9.344118737,2.901787862,1.784139695,"31","18"
"species",714,714,100.240360116719,1408.0849154938,27.0782622761985,6.193128294,1.270061486,0,"33","12"
"species",715,715,106.088958440847,910.266628906617,27.0636546502347,17.16661537,6.598909338,2.863393877,"31","11"
"species",716,716,150.23553022018,815.591369745611,25.6221140581506,67.31210855,0,41.20556595,"31","12"
"species",717,717,151.469712929848,805.123894812114,25.9928033982811,67.31210855,0,41.20556595,"31","12"
"species",718,718,152.009151275728,805.00451915678,26,98.01839732,0,77.66208651,"31","12"
"species",719,719,103.305650754647,853.809472291884,27.6796482555626,16.02850254,5.105519101,1.518623386,"31","12"
"species",720,720,110.632333199841,823.978899336683,28.4553227555927,16.02850254,5.105519101,1.518623386,"33","13"
"species",721,721,114.22940259933,813.507920970854,29.5857002709371,16.02850254,5.105519101,1.518623386,"31","12"
"species",722,722,129.517594852689,748.770603113846,31.2434248252122,16.02850254,5.105519101,1.518623386,"33","11"
"species",723,723,133.047855392865,732.675315969437,31.2385702683831,16.02850254,5.105519101,1.518623386,"33","18"
"species",724,724,118.818004356385,778.660500514358,30.0611601921453,16.02850254,5.105519101,1.518623386,"31","13"
"species",725,725,139.965890128969,713.096969846131,32.4680163484183,16.02850254,5.105519101,1.518623386,"31","18"
"species",726,726,132.49512879132,727.057008760829,32.0041693251231,16.02850254,5.105519101,1.518623386,"31","18"
"species",727,727,138.56426157468,710.214530067723,32.1718405768469,16.02850254,5.105519101,1.518623386,"31","18"
"species",728,728,88.6418799538647,913.543087895767,25.6708148417281,16.02850254,5.105519101,1.518623386,"32","11"
"species",729,729,104.047637099524,823.001116725669,28.2618227021153,16.02850254,5.105519101,1.518623386,"31","12"
"species",730,730,106.091146115075,805.612593855294,28.9893803806528,16.02850254,5.105519101,1.518623386,"31","11"
"species",731,731,108.08245555253,795.672326268422,29.2993942721384,16.02850254,5.105519101,1.518623386,"31","12"
"species",732,732,101.762584263452,821.597929245035,28.701132194942,16.02850254,5.105519101,1.518623386,"31","12"
"species",733,733,126.938576959285,734.295377783248,31.4856176178,16.02850254,5.105519101,1.518623386,"31","18"
"species",734,734,113.698195789836,897.085748539107,28.6386574437983,23.84674571,8.804251692,2.249154622,"31","13"
"species",735,735,122.571151955287,532.345749710669,45.3599293788331,19.65079791,2.607823693,0.963929762,"31","13"
"species",736,736,151.36154538463,805.071098310156,25.9560524191557,67.31210855,0,41.20556595,"31","18"
"species",737,737,103.776654451009,756.226957562343,25.9919703730713,35.1280504,0,0,"32","13"
"species",738,738,110.546926131959,648.009124668043,33.6383215678513,6.366400955,7.882912004,0,"33","13"
"species",739,739,109.724799954605,761.201600363159,28,9.095099576,0,0,"32","11"
"species",740,740,95.3022415250161,1529.90183018354,29.0052685927306,0.687506548,13.28061174,0,"32","11"
"species",741,741,87.0545601703759,787.841970473143,27.9981567313276,8.530747943,3.018622888,1.602894548,"32","11"
"species",742,742,92.5564469144025,761.937966553797,29,8.530747943,3.018622888,1.602894548,"32","11"
"species",743,743,103.40850581242,900.127580201652,28.4062738150238,0.94939165,34.07494816,0,"32","11"
"species",744,744,122.084261495018,804.309058357971,30.7407883794147,0.94939165,34.07494816,0,"32","11"
"species",745,745,115.940508893919,960.063530146581,28.4491257446001,8.6820767,1.920838358,0.711016946,"31","13"
"species",746,746,117.259740055418,945.765500892219,28.5922226059221,8.6820767,1.920838358,0.711016946,"31","18"
"species",747,747,103.982571092145,989.664264585145,26.4144133023663,8.6820767,1.920838358,0.711016946,"31","13"
"species",748,748,114.708667800953,954.614963291978,27.9595461133836,8.6820767,1.920838358,0.711016946,"31","18"
"species",749,749,134.915172714096,1992.50556096047,34,1.872004369,36.28814085,0,"31","18"
"species",750,750,89.0668999992413,812.770211885672,25.925314470508,8.530747943,3.018622888,1.602894548,"32","11"
"species",751,751,90.9220114175262,803.907486203926,26.7757575689064,8.530747943,3.018622888,1.602894548,"32","11"
"species",752,752,98.3653772440587,947.281936632954,21.9859345047503,3.805132781,6.104597485,2.942990841,"32","11"
"species",753,753,101.553200969617,682.704187167174,32,17.05337136,2.297010785,3.05847174,"32","11"
"species",754,754,100.789611248178,576.930543866255,43,22.48276491,0.467341461,4.201983318,"32","11"
"species",755,755,101.309621313486,634.219806050407,37,17.05337136,2.297010785,3.05847174,"31","12"
"species",756,756,100.722209685772,640.547370899115,36.0521651948159,17.05337136,2.297010785,3.05847174,"31","12"
"species",757,757,98.6714851629617,654.407154180331,35.5085762369545,17.05337136,2.297010785,3.05847174,"31","12"
"species",758,758,99.8749678543926,655.957860863097,35,17.05337136,2.297010785,3.05847174,"33","11"
"species",759,759,101.164376023138,655.389624585525,35,17.05337136,2.297010785,3.05847174,"33","12"
"species",760,760,95.4604261753278,679.072531887334,34,17.05337136,2.297010785,3.05847174,"32","11"
"species",761,761,100.435419214539,600.607715791855,41.104373535395,23.67677851,4.092707338,3.811278357,"31","12"
"species",762,762,99.7222308385588,670.63533260294,38.6359546945368,37.06402126,6.487973454,3.397277381,"33","11"
"species",763,763,86.7390627915781,830.726489073836,25.9964566592139,5.868740568,7.061298869,1.142570777,"32","11"
"species",764,764,110.228732129519,646.363285365107,38,37.06402126,6.487973454,3.397277381,"31","12"
"species",765,765,114.706891444329,635.966164091025,38,37.06402126,6.487973454,3.397277381,"31","13"
"species",766,766,106.413581678452,770.496336495837,29.8581901781588,15.11043496,1.843373575,0.778437432,"31","12"
"species",767,767,139.962825961615,716.119187656044,31.4422074554631,36.46809388,3.943634702,0,"31","18"
"species",768,768,141.273800300387,714.386847770987,31,36.46809388,3.943634702,0,"31","13"
"species",769,769,137.136048703234,729.40084813613,31.0109410054362,36.46809388,3.943634702,0,"31","13"
"species",770,770,148.504143497352,682.614080162929,31.1806306678428,47.54749112,7.159377437,31.17824254,"31","18"
"species",771,771,149.302124886612,683.465544580366,31,47.54749112,7.159377437,31.17824254,"31","18"
"species",772,772,127.254678018905,716.624217233236,34,35.4788309,2.294324006,1.297314748,"31","18"
"species",773,773,136.401373710031,2086.29649228163,34,1.872004369,36.28814085,0,"31","18"
"species",774,774,136.354784681452,1801.6364363258,32,0,150.1410724,0,"31","11"
"species",775,775,137.411491051205,1870.29567853759,32,0,95.81567055,0,"31","18"
"species",776,776,138.197916468626,751.876307497392,30,44.86145394,1.250604749,30.91417916,"31","18"
"species",777,777,134.316083238623,653.570782100578,37,57.6378679,5.623193259,2.560358706,"31","13"
"species",778,778,130.95216887039,761.915458605286,29,73.05653124,2.040297069,9.329515213,"31","12"
"species",779,779,142.352118911023,807.621949350016,26,56.43464358,0,18.91236981,"31","18"
"species",780,780,129.100022589482,1806.29018636291,25.1007490183277,43.43858521,0,4.049319371,"31","13"
"species",781,781,132.635067575051,773.51767776016,29,12.25076914,0,9.991459665,"31","18"
"species",782,782,90.5254389389614,759.570183756818,29.7978159626476,6.366400955,7.882912004,0,"32","11"
