"species","x","y","bio10_16","bio12_16","bio15_16","moose2015","red_deer2015","roe_deer2015","Forest_Type","Forest_Productivity"
"species",1,1,124.418111371428,642.236306436365,34,21.44220167,7.391513063,4.110154002,"32","11"
"species",2,2,120.299239510376,729.834327629082,32.582966911118,29.0328483,8.256227348,0,"31","13"
"species",3,3,138.740700134666,600.756545578662,39,47.04794055,7.578866015,6.142455744,"31","18"
"species",4,4,114.007593673981,636.096788649732,33.9680193294,6.366400955,7.882912004,0,"32","11"
"species",5,5,133.81014237922,814.623475369216,32.9726797317558,0.280180551,22.55660234,0,"32","11"
"species",6,6,134.91734141962,685.853751421062,33.3743275747108,15.11043496,1.843373575,0.778437432,"31","18"
"species",7,7,131.991163127701,2411.93146215425,32,0,194.4239437,0,"31","18"
"species",8,8,131.749918327854,2569.46876640363,34.3836111468296,0,25.17221305,0,"31","11"
"species",9,9,124.096216251637,2761.15992864692,32,0,67.32846192,0,"32","18"
"species",10,10,102.44311709849,1014.7041131498,27.9877540908144,0.94939165,34.07494816,0,"32","11"
"species",11,11,126.603213711394,2518.54716704541,33,0,131.9382512,0,"32","18"
"species",12,12,130.424020564473,1017.53418428768,32.5701433845045,0.94939165,34.07494816,0,"32","18"
"species",13,13,111.682861629975,983.857942269043,29.4970176257319,0.94939165,34.07494816,0,"32","11"
"species",14,14,135.589393540689,2366.91224326017,32,0,194.4239437,0,"31","18"
"species",15,15,135.238341874854,1634.56764384457,31,9.131248903,4.39339473,16.9773615,"32","18"
"species",16,16,124.37259258093,2610.25703110061,34,0,77.92222415,0,"32","18"
"species",17,17,112.89917784356,2385.37649294631,32.5158425360657,0,122.6817566,0,"31","18"
"species",18,18,123.755131721776,888.125019577446,31.4642027800963,0.774659952,15.09569094,0,"32","18"
"species",19,19,124.24935827281,2175.26677382994,31.8549077292275,0,105.3622251,0,"32","18"
"species",20,20,106.062139577358,2882.05403251952,31.7476764593612,0,34.79562648,0,"32","11"
"species",21,21,126.384243625407,1758.49381042116,31.0568875449378,1.634309011,7.173094045,7.182156319,"32","11"
"species",22,22,127.274401137769,647.042151092625,31.9500781649067,15.18059091,10.12129437,2.839168888,"31","13"
"species",23,23,143.284957719596,592.405520308496,39,47.04794055,7.578866015,6.142455744,"31","18"
"species",24,24,118.877564483276,633.28260764047,39.13456930674,78.58042817,5.071184952,4.408980682,"31","18"
"species",25,25,131.795930010873,630.354656371162,34,21.44220167,7.391513063,4.110154002,"32","13"
"species",26,26,123.107186880594,659.432851523363,31,15.18059091,10.12129437,2.839168888,"31","13"
"species",27,27,117.939492369334,670.888039597366,31.4238935861263,21.44220167,7.391513063,4.110154002,"33","12"
"species",28,28,114.878321378984,673.579873269754,30.5710644426941,15.18059091,10.12129437,2.839168888,"31","13"
"species",29,29,141.178827020249,1534.34820182323,31.0596090067498,10.45283536,37.46040469,45.77663377,"32","18"
"species",30,30,116.653571554514,1037.66065180715,31.0368386204701,0.280180551,22.55660234,0,"32","18"
"species",31,31,130.086348855732,672.850115593281,35.9802664361432,57.6378679,5.623193259,2.560358706,"31","18"
"species",32,32,100.453904302552,890.453549155182,28.7050642118005,0.280180551,22.55660234,0,"32","18"
"species",33,33,121.09139443096,670.5833347744,34.7193949195851,42.42947395,12.44942108,0,"31","13"
"species",34,34,130.918110186173,632.765586503682,33,21.44220167,7.391513063,4.110154002,"32","12"
"species",35,35,142.829588575602,2244.53370281958,33,0,67.32846192,0,"31","11"
"species",36,36,131.759383366702,706.736557888389,32.80806106389,15.11043496,1.843373575,0.778437432,"33","18"
"species",37,37,117.627717661893,1055.73147558336,31.3068758100225,0.280180551,22.55660234,0,"32","18"
"species",38,38,115.91431678353,736.166671089272,31.9967651899022,15.11043496,1.843373575,0.778437432,"31","13"
"species",39,39,137.002933160629,1612.30017922535,30.9622263776465,9.131248903,4.39339473,16.9773615,"32","11"
"species",40,40,121.686289294379,721.696010374876,31.6945095893376,15.11043496,1.843373575,0.778437432,"31","13"
"species",41,41,126.955915491664,708.391532847817,32.4294338841915,15.11043496,1.843373575,0.778437432,"31","12"
"species",42,42,124.539317596382,947.170506351835,30.9523861351575,0.94939165,34.07494816,0,"32","18"
"species",43,43,116.909430268924,745.839154815167,31.3931100954034,15.11043496,1.843373575,0.778437432,"31","12"
"species",44,44,124.215566947318,723.363510807471,31.6929303255952,15.11043496,1.843373575,0.778437432,"31","18"
"species",45,45,123.028068048596,765.845198481245,30.1856401383049,16.02850254,5.105519101,1.518623386,"31","18"
"species",46,46,155.896987253165,765.019835112285,27,7.024026233,0,46.84620592,"31","18"
"species",47,47,124.509371638785,1640.0700904485,29.2843584796078,32.1551517,12.60185313,10.94655331,"32","11"
"species",48,48,137.011379614272,702.059314289727,33,48.05322131,6.004509926,5.240878011,"31","18"
"species",49,49,130.643561022278,1895.07445812323,32.0910106488507,0.28148691,27.71730315,2.140618419,"31","11"
"species",50,50,127.368701230861,652.601486979966,32,21.44220167,7.391513063,4.110154002,"32","11"
"species",51,51,122.554617067633,638.53096555435,35,37.26472623,6.826104475,2.178108487,"32","13"
"species",52,52,134.740842610232,658.216765192655,36.3302317699381,35.4788309,2.294324006,1.297314748,"31","18"
"species",53,53,119.792450222331,642.475589623246,34.6810701866391,37.26472623,6.826104475,2.178108487,"32","11"
"species",54,54,117.633728745485,643.409499081049,36.3116118069184,22.8350614,3.61248928,2.639437029,"31","12"
"species",55,55,117.119070439703,675.14122838112,31.3059606883851,21.44220167,7.391513063,4.110154002,"31","11"
"species",56,56,121.831863832543,670.42938806505,31,21.44220167,7.391513063,4.110154002,"31","12"
"species",57,57,134.442981752192,615.518719516515,35,37.26472623,6.826104475,2.178108487,"31","13"
"species",58,58,126.707643550284,657.343735525816,32,21.44220167,7.391513063,4.110154002,"31","12"
"species",59,59,103.981807351294,710.236126821551,35.940806747199,47.04794055,7.578866015,6.142455744,"31","11"
"species",60,60,123.160722063841,720.216347189927,31.6829158428809,15.11043496,1.843373575,0.778437432,"31","18"
"species",61,61,130.530333062727,711.029969624367,33.0054297153966,29.0328483,8.256227348,0,"31","11"
"species",62,62,110.666936160184,699.154068811725,33.2558273138149,42.42947395,12.44942108,0,"31","12"
"species",63,63,136.542053289404,713.724200280482,31.8554632395371,36.46809388,3.943634702,0,"31","18"
"species",64,64,85.9248998234496,1082.94019174743,26.2391994734487,0.774659952,15.09569094,0,"32","11"
"species",65,65,113.501223726421,675.307232384172,32.3307323220748,21.44220167,7.391513063,4.110154002,"31","12"
"species",66,66,129.423635424953,750.524581510631,30.4378962870344,16.02850254,5.105519101,1.518623386,"33","13"
"species",67,67,118.813504151163,728.6347985674,31.3676111357903,15.11043496,1.843373575,0.778437432,"31","13"
"species",68,68,134.201529908413,2033.1068323376,32.5251912385516,0,60.24209686,4.035398425,"32","18"
"species",69,69,124.955614706224,684.869153973977,36.1480505620876,57.6378679,5.623193259,2.560358706,"31","18"
"species",70,70,136.786717171603,754.59037666362,29.7806201210032,48.05322131,6.004509926,5.240878011,"31","18"
"species",71,71,128.105868802802,727.789113558168,31.3617323443327,48.05322131,6.004509926,5.240878011,"31","13"
"species",72,72,131.626540580671,729.197958729375,31.2817270852255,48.05322131,6.004509926,5.240878011,"31","12"
"species",73,73,123.602116785834,745.938993665659,31.4986765852095,48.05322131,6.004509926,5.240878011,"31","13"
"species",74,74,130.471085566318,713.738206676006,32.2124839464737,15.11043496,1.843373575,0.778437432,"31","18"
"species",75,75,117.140030979652,759.744423478323,30.489968926972,15.11043496,1.843373575,0.778437432,"31","13"
"species",76,76,124.384490543496,735.215885772776,31.3375966102451,15.11043496,1.843373575,0.778437432,"31","13"
"species",77,77,125.748240552618,2406.01918197293,31.0769751894255,0,194.4239437,0,"31","18"
"species",78,78,131.129862981527,729.934910492062,31.3715270811743,48.05322131,6.004509926,5.240878011,"31","18"
"species",79,79,126.454031490027,639.181874920423,34,21.44220167,7.391513063,4.110154002,"31","13"
"species",80,80,117.670018357764,758.995636523183,30.5785625827167,15.11043496,1.843373575,0.778437432,"31","18"
"species",81,81,126.366110697106,729.157041371099,32.0004276780059,15.11043496,1.843373575,0.778437432,"31","18"
"species",82,82,133.9643810694,756.62813899788,30,44.86145394,1.250604749,30.91417916,"31","12"
"species",83,83,123.497109858835,680.250469846152,33.5279757088731,35.72380336,8.923438758,2.311630946,"31","13"
"species",84,84,102.99302011989,660.415299489687,37.0011337370042,37.06402126,6.487973454,3.397277381,"31","12"
"species",85,85,125.693687137473,760.190364705386,30,48.05322131,6.004509926,5.240878011,"31","13"
"species",86,86,136.735196060141,635.161040457202,37.3546028736343,35.4788309,2.294324006,1.297314748,"31","13"
"species",87,87,115.013415257869,683.767858228078,34.2895910497955,42.42947395,12.44942108,0,"31","12"
"species",88,88,110.40051081588,785.600722165731,29.864616013458,48.05322131,6.004509926,5.240878011,"31","11"
"species",89,89,116.261111719199,629.652607673031,38,37.06402126,6.487973454,3.397277381,"31","13"
"species",90,90,106.007177936945,651.799076029206,37.7014928624513,37.06402126,6.487973454,3.397277381,"31","12"
"species",91,91,141.762336949559,664.011452030777,34.2180408016258,29.0328483,8.256227348,0,"31","18"
"species",92,92,116.644426443427,680.425929060461,31.314316603294,21.44220167,7.391513063,4.110154002,"31","12"
"species",93,93,118.698811716044,625.705192497571,38,37.06402126,6.487973454,3.397277381,"31","13"
"species",94,94,99.3155706085279,674.053288174416,37,37.06402126,6.487973454,3.397277381,"31","11"
"species",95,95,116.058954483744,626.780235928154,38.3148978757019,37.06402126,6.487973454,3.397277381,"31","13"
"species",96,96,122.825727993067,746.463660955075,30.7171163896417,15.11043496,1.843373575,0.778437432,"31","18"
"species",97,97,107.841935740342,793.579328352623,29.8824892242549,15.11043496,1.843373575,0.778437432,"31","12"
"species",98,98,136.611191313685,2183.9204968469,33,0,131.9382512,0,"31","18"
"species",99,99,144.628796991078,753.690323940084,28.4053861698452,49.08527729,0.828135374,16.24462266,"31","18"
"species",100,100,119.239570248602,889.738385859213,30.6414097867966,0.94939165,34.07494816,0,"31","11"
"species",101,101,131.184656212216,698.034249894798,34.116522169921,81.09481554,4.229111868,5.284178289,"31","13"
"species",102,102,118.995675065239,650.390852961781,34,21.44220167,7.391513063,4.110154002,"31","13"
"species",103,103,136.70492900735,603.254502748107,37,22.8350614,3.61248928,2.639437029,"31","18"
"species",104,104,109.756118841086,679.820760178465,32.6155870078533,21.44220167,7.391513063,4.110154002,"32","13"
"species",105,105,136.96044571612,1653.75710284522,31,10.45283536,37.46040469,45.77663377,"32","18"
"species",106,106,138.544174286883,708.736409230863,32.8050865971369,16.02850254,5.105519101,1.518623386,"31","18"
"species",107,107,131.799787170751,626.077026560259,34.0933835637062,21.44220167,7.391513063,4.110154002,"31","13"
"species",108,108,125.654088329785,648.422720897488,32.211758074578,21.44220167,7.391513063,4.110154002,"31","12"
"species",109,109,129.668517660248,640.331361644809,37.9945978879362,65.14024442,1.400990109,16.54531378,"31","18"
"species",110,110,118.020521250629,1401.86297367399,31.8452857987827,0.687506548,13.28061174,0,"32","18"
"species",111,111,96.9719505050734,735.903824673142,30,21.44220167,7.391513063,4.110154002,"31","11"
"species",112,112,117.23470087735,662.46707634224,33.3874636749317,21.44220167,7.391513063,4.110154002,"33","11"
"species",113,113,104.302578239486,686.423317743012,33.7608811918803,37.26472623,6.826104475,2.178108487,"31","13"
"species",114,114,110.910564426191,672.013208223653,37.5079793153104,44.38970266,3.205442272,3.681773963,"31","13"
"species",115,115,111.730648161565,634.839000736358,34.9492778211112,22.26715578,3.082914392,2.747739378,"31","11"
"species",116,116,120.777956406514,662.442233357938,32.8070038543375,21.44220167,7.391513063,4.110154002,"32","11"
"species",117,117,144.09660605593,682.144450292482,33.4540576020481,48.05322131,6.004509926,5.240878011,"31","18"
"species",118,118,115.424529834349,657.590564664807,36.5042546160602,44.38970266,3.205442272,3.681773963,"31","13"
"species",119,119,136.581345074317,1618.65934126643,31,9.131248903,4.39339473,16.9773615,"32","18"
"species",120,120,131.764359408317,2440.65772251638,32,0,194.4239437,0,"31","18"
"species",121,121,124.413663909425,637.589075341111,35,37.26472623,6.826104475,2.178108487,"31","18"
"species",122,122,130.818282039561,2086.34391837763,32.009287587528,0,60.24209686,4.035398425,"32","18"
"species",123,123,129.011414683661,2096.93531217873,32,0,60.24209686,4.035398425,"32","18"
"species",124,124,138.649562265696,1812.20277985529,35.9032430775426,0,84.45319482,0,"31","18"
"species",125,125,126.740496920815,646.128600105393,37.8269728584842,42.74220442,4.374857889,2.362380532,"31","13"
"species",126,126,135.063347226335,2011.7399109387,31.5158368065837,0,294.5806414,0,"32","18"
"species",127,127,114.246702030474,661.800059358021,36,44.38970266,3.205442272,3.681773963,"31","12"
"species",128,128,135.00585213033,2326.63031434179,33,0,131.9382512,0,"31","18"
"species",129,129,139.239367879467,1311.13088472754,33.7146205365666,0.687506548,13.28061174,0,"32","18"
"species",130,130,135.49437332537,1998.3557204898,32.0065157797905,0,60.24209686,4.035398425,"32","18"
"species",131,131,135.558381549417,612.019733630828,38,42.74220442,4.374857889,2.362380532,"31","12"
"species",132,132,131.07544277226,629.844405636647,34,21.44220167,7.391513063,4.110154002,"32","13"
"species",133,133,114.531396151869,2829.20806979953,32,0,67.32846192,0,"32","18"
"species",134,134,132.990397250362,626.033609623731,34,21.44220167,7.391513063,4.110154002,"32","13"
"species",135,135,121.993117461225,743.62146175578,31.2261330220664,48.05322131,6.004509926,5.240878011,"31","13"
"species",136,136,127.541297839695,733.157147017033,31.8938490501556,48.05322131,6.004509926,5.240878011,"31","12"
"species",137,137,118.252344624675,767.135900214309,30.1640294125666,48.05322131,6.004509926,5.240878011,"31","12"
"species",138,138,133.957429181879,640.138704860436,37.461050787292,35.4788309,2.294324006,1.297314748,"31","12"
"species",139,139,136.751434917413,1925.60993336716,31.8757174587065,0,123.9381204,0,"32","18"
"species",140,140,120.682911621208,1395.80178303222,32.1167924383121,0.687506548,13.28061174,0,"32","18"
"species",141,141,80.1989419719486,867.12984269991,24.3531633111778,3.805132781,6.104597485,2.942990841,"32","11"
"species",142,142,120.016074431185,922.906563244924,29.8574676221283,0.94939165,34.07494816,0,"32","11"
"species",143,143,124.005195841792,2535.38830485572,34.5430169225896,0,70.63825139,0,"32","11"
"species",144,144,116.709828151611,954.79074432256,30.1569312898242,0.94939165,34.07494816,0,"32","11"
