"species","x","y","bio10_16","bio12_16","bio15_16","moose2015","red_deer2015","roe_deer2015","Forest_Type","Forest_Productivity"
"species",1,1,97.4027092677369,693.785607928948,30.8411938367032,15.18059091,10.12129437,2.839168888,"31","11"
"species",2,2,124.418111371428,642.236306436365,34,21.44220167,7.391513063,4.110154002,"32","11"
"species",3,3,106.807345518681,695.339987283083,31.0595177620988,15.18059091,10.12129437,2.839168888,"31","12"
"species",4,4,112.331734861883,658.730311166305,32,21.44220167,7.391513063,4.110154002,"31","13"
"species",5,5,132.990397250362,626.033609623731,34,21.44220167,7.391513063,4.110154002,"32","13"
"species",6,6,131.795930010873,630.354656371162,34,21.44220167,7.391513063,4.110154002,"32","13"
"species",7,7,112.045083746952,679.593633814572,31.147571757138,15.18059091,10.12129437,2.839168888,"31","13"
"species",8,8,106.653032477723,662.367499259462,36.3647590448856,37.06402126,6.487973454,3.397277381,"31","12"
"species",9,9,126.454031490027,639.181874920423,34,21.44220167,7.391513063,4.110154002,"31","13"
"species",10,10,116.651470136655,831.724398651176,24,20.2554799,15.6438953,4.679748147,"31","18"
"species",11,11,148.02913706137,755.825177631783,27.0145685306848,47.54749112,7.159377437,31.17824254,"32","18"
"species",12,12,116.555251082596,649.774409827091,35,37.26472623,6.826104475,2.178108487,"31","13"
"species",13,13,96.4264012234755,861.421115113354,27.6566201387547,0.94939165,34.07494816,0,"32","13"
"species",14,14,127.274401137769,647.042151092625,31.9500781649067,15.18059091,10.12129437,2.839168888,"31","13"
"species",15,15,103.289486611649,797.969056122346,29.0513999820709,15.11043496,1.843373575,0.778437432,"31","12"
"species",16,16,118.995675065239,650.390852961781,34,21.44220167,7.391513063,4.110154002,"31","13"
"species",17,17,106.957603216657,679.699809972943,36.1905638761787,44.38970266,3.205442272,3.681773963,"31","12"
"species",18,18,115.501929670101,666.535697156021,30.3921014214881,15.18059091,10.12129437,2.839168888,"31","13"
"species",19,19,117.633728745485,643.409499081049,36.3116118069184,22.8350614,3.61248928,2.639437029,"31","12"
"species",20,20,132.429110127075,601.192854257012,39.5949990119499,78.58042817,5.071184952,4.408980682,"31","18"
"species",21,21,96.3259702696369,568.650206041734,25,17.34288675,0,0,"32","12"
"species",22,22,86.117467887981,748.581103449583,29.4243734107218,15.18059091,10.12129437,2.839168888,"32","11"
"species",23,23,109.885088449508,675.407580317291,33.2136489898514,21.44220167,7.391513063,4.110154002,"31","11"
"species",24,24,95.8548618490534,695.756806815851,31,15.18059091,10.12129437,2.839168888,"31","12"
"species",25,25,122.090092994495,670.439618867408,31.5885401385203,21.44220167,7.391513063,4.110154002,"31","11"
"species",26,26,126.226900278294,708.307009294934,33.5617363584067,29.0328483,8.256227348,0,"31","18"
"species",27,27,114.863314654542,671.209392972525,32.7609289447423,21.44220167,7.391513063,4.110154002,"31","13"
"species",28,28,105.235150537297,776.125370285228,30.2453222416093,15.11043496,1.843373575,0.778437432,"31","12"
"species",29,29,109.756118841086,679.820760178465,32.6155870078533,21.44220167,7.391513063,4.110154002,"32","13"
"species",30,30,133.513246657607,623.182529439303,34.4743152851871,21.44220167,7.391513063,4.110154002,"31","13"
"species",31,31,126.626661215626,647.64884270279,32.5706034635733,21.44220167,7.391513063,4.110154002,"31","18"
"species",32,32,125.249508634789,649.426089151292,32.1064004310033,21.44220167,7.391513063,4.110154002,"31","13"
"species",33,33,134.442981752192,615.518719516515,35,37.26472623,6.826104475,2.178108487,"31","13"
"species",34,34,118.399844927471,650.144920855769,34,37.26472623,6.826104475,2.178108487,"32","13"
"species",35,35,123.107186880594,659.432851523363,31,15.18059091,10.12129437,2.839168888,"31","13"
"species",36,36,106,494.887367415296,23,5.896639302,0,0,"32","11"
"species",37,37,124.413663909425,637.589075341111,35,37.26472623,6.826104475,2.178108487,"31","18"
"species",38,38,127.011020959412,633.422358997408,35,37.26472623,6.826104475,2.178108487,"33","11"
"species",39,39,131.799787170751,626.077026560259,34.0933835637062,21.44220167,7.391513063,4.110154002,"31","13"
"species",40,40,104.787304844732,694.06222423362,32,21.44220167,7.391513063,4.110154002,"31","12"
"species",41,41,97.5169676641135,519.381051270105,26.6878298130397,4.76085459,0,0,"32","11"
